47.451436 -29.900683 0.000000
39.980013 -29.924179 0.000000
32.508589 -29.947674 0.000000
25.037166 -29.971170 0.000000
17.565743 -29.994665 0.000000
17.565743 -29.994665 0.000000
17.424307 -22.495999 0.000000
17.282871 -14.997333 0.000000
17.141436 -7.498666 0.000000
17.000000 0.000000 0.000000
17.000000 0.000000 0.000000
16.975118 1.319188 0.000000
16.916682 2.411598 0.000000
16.824766 3.491892 0.000000
16.700578 4.554756 0.000000
16.545739 5.595084 0.000000
16.362261 6.608043 0.000000
16.152511 7.589124 0.000000
15.919171 8.534199 0.000000
15.665194 9.439564 0.000000
15.393752 10.301978 0.000000
15.108184 11.118697 0.000000
14.811938 11.887500 0.000000
14.508512 12.606707 0.000000
14.201395 13.275184 0.000000
13.894005 13.892351 0.000000
13.589632 14.458172 0.000000
13.291378 14.973140 0.000000
13.002104 15.438258 0.000000
12.724380 15.855007 0.000000
12.460436 16.225311 0.000000
12.212120 16.551494 0.000000
11.980866 16.836236 0.000000
11.767666 17.082514 0.000000
11.573041 17.293551 0.000000
11.397036 17.472755 0.000000
11.239208 17.623659 0.000000
11.098628 17.749855 0.000000
10.973893 17.854937 0.000000
10.863139 17.942436 0.000000
10.764067 18.015760 0.000000
10.673977 18.078142 0.000000
10.589804 18.132583 0.000000
10.508163 18.181803 0.000000
10.425400 18.228203 0.000000
10.337644 18.273824 0.000000
10.240871 18.320316 0.000000
10.130960 18.368919 0.000000
10.003761 18.420443 0.000000
9.855157 18.475261 0.000000
9.681131 18.533308 0.000000
9.477829 18.594089 0.000000
9.241623 18.656692 0.000000
8.969170 18.719810 0.000000
8.657464 18.781770 0.000000
8.303892 18.840570 0.000000
7.906280 18.893914 0.000000
7.462923 18.939266 0.000000
6.972630 18.973894 0.000000
6.434740 18.994925 0.000000
5.849143 18.999405 0.000000
5.216289 18.984352 0.000000
4.537190 18.946819 0.000000
3.813413 18.883949 0.000000
3.047065 18.793037 0.000000
2.240769 18.671579 0.000000
1.397639 18.517330 0.000000
0.521236 18.328349 0.000000
-0.384470 18.103040 0.000000
-1.315151 17.840197 0.000000
-2.266177 17.539027 0.000000
-3.232672 17.199181 0.000000
-4.209579 16.820770 0.000000
-5.191720 16.404374 0.000000
-6.173866 15.951046 0.000000
-7.150801 15.462308 0.000000
-8.117388 14.940136 0.000000
-9.068631 14.386941 0.000000
-9.999741 13.805542 0.000000
-10.906187 13.199129 0.000000
-11.783759 12.571228 0.000000
-12.628605 11.925648 0.000000
-13.437284 11.266434 0.000000
-14.206795 10.597810 0.000000
-14.934611 9.924120 0.000000
-15.618696 9.249769 0.000000
-16.257522 8.579157 0.000000
-16.850075 7.916616 0.000000
-17.395853 7.266351 0.000000
-17.894854 6.632375 0.000000
-18.347564 6.018452 0.000000
-18.754926 5.428040 0.000000
-19.118315 4.864242 0.000000
-19.439495 4.329760 0.000000
-19.720579 3.826851 0.000000
-19.963979 3.357299 0.000000
-20.172355 2.922384 0.000000
-20.348558 2.522865 0.000000
-20.495572 2.158966 0.000000
-20.616456 1.830376 0.000000
-20.714283 1.536250 0.000000
-20.792080 1.275226 0.000000
-20.852774 1.045440 0.000000
-20.899132 0.844558 0.000000
-20.933712 0.669809 0.000000
-20.958815 0.518028 0.000000
-20.976443 0.385704 0.000000
-20.988261 0.269030 0.000000
-20.995567 0.163964 0.000000
-20.999269 0.066290 0.000000
-20.999866 -0.028322 0.000000
-20.997443 -0.124248 0.000000
-20.991665 -0.225843 0.000000
-20.981786 -0.337378 0.000000
-20.966662 -0.462971 0.000000
-20.944771 -0.606530 0.000000
-20.914242 -0.771691 0.000000
-20.872889 -0.961764 0.000000
-20.818251 -1.179684 0.000000
-20.747639 -1.427962 0.000000
-20.658183 -1.708655 0.000000
-20.546889 -2.023328 0.000000
-20.410696 -2.373036 0.000000
-20.246533 -2.758304 0.000000
-20.051377 -3.179122 0.000000
-19.822317 -3.634944 0.000000
-19.556611 -4.124697 0.000000
-19.251741 -4.646795 0.000000
-18.905468 -5.199167 0.000000
-18.515883 -5.779284 0.000000
-18.081450 -6.384199 0.000000
-17.601050 -7.010589 0.000000
-17.074010 -7.654807 0.000000
-16.500135 -8.312933 0.000000
-15.879726 -8.980831 0.000000
-15.213590 -9.654212 0.000000
-14.503050 -10.328696 0.000000
-13.749941 -10.999872 0.000000
-12.956595 -11.663365 0.000000
-12.125826 -12.314896 0.000000
-11.260905 -12.950340 0.000000
-10.365522 -13.565788 0.000000
-9.443751 -14.157595 0.000000
-8.500000 -14.722432 0.000000
-7.538961 -15.257326 0.000000
-6.565556 -15.759700 0.000000
-5.584871 -16.227400 0.000000
-4.602099 -16.658722 0.000000
-3.622473 -17.052423 0.000000
-2.651198 -17.407734 0.000000
-1.693388 -17.724358 0.000000
-0.753998 -18.002461 0.000000
0.162235 -18.242661 0.000000
1.050857 -18.446003 0.000000
1.907747 -18.613930 0.000000
2.729176 -18.748251 0.000000
3.511847 -18.851094 0.000000
4.252935 -18.924867 0.000000
4.950124 -18.972199 0.000000
5.601628 -18.995894 0.000000
6.206214 -18.998870 0.000000
6.763205 -18.984102 0.000000
7.272488 -18.954563 0.000000
7.734505 -18.913164 0.000000
8.150239 -18.862699 0.000000
8.521191 -18.805792 0.000000
8.849353 -18.744838 0.000000
9.137168 -18.681963 0.000000
9.387490 -18.618976 0.000000
9.603532 -18.557334 0.000000
9.788817 -18.498110 0.000000
9.947115 -18.441969 0.000000
10.082387 -18.389147 0.000000
10.198716 -18.339449 0.000000
10.300246 -18.292237 0.000000
10.391119 -18.246443 0.000000
10.475405 -18.200579 0.000000
10.557043 -18.152755 0.000000
10.639781 -18.100712 0.000000
10.727117 -18.041852 0.000000
10.822251 -17.973281 0.000000
10.928033 -17.891852 0.000000
11.046927 -17.794222 0.000000
11.180974 -17.676900 0.000000
11.331765 -17.536312 0.000000
11.500418 -17.368857 0.000000
11.687573 -17.170970 0.000000
11.893380 -16.939187 0.000000
12.117505 -16.670203 0.000000
12.359144 -16.360936 0.000000
12.617037 -16.008580 0.000000
12.889496 -15.610664 0.000000
13.174440 -15.165097 0.000000
13.469429 -14.670217 0.000000
13.771715 -14.124825 0.000000
14.078284 -13.528223 0.000000
14.385914 -12.880230 0.000000
14.691233 -12.181211 0.000000
14.990771 -11.432075 0.000000
15.281028 -10.634285 0.000000
15.558529 -9.789849 0.000000
15.819883 -8.901303 0.000000
16.061846 -7.971692 0.000000
16.281370 -7.004541 0.000000
16.475660 -6.003812 0.000000
16.642217 -4.973869 0.000000
16.778882 -3.919420 0.000000
16.883875 -2.845471 0.000000
16.955820 -1.757259 0.000000
16.993772 -0.660194 0.000000
17.000000 -0.000000 0.000000
17.000000 -0.000000 0.000000
17.070747 7.499666 0.000000
17.141494 14.999333 0.000000
17.212241 22.498999 0.000000
17.282988 29.998665 0.000000
17.282988 29.998665 0.000000
24.754411 29.975170 0.000000
32.225834 29.951674 0.000000
39.697257 29.928179 0.000000
47.168681 29.904684 0.000000

47.807251 -29.900683 -4.545455
40.335828 -29.924179 -4.545455
32.864404 -29.947674 -4.545455
25.392981 -29.971170 -4.545455
17.921558 -29.994665 -4.545455
17.921558 -29.994665 -4.545455
17.780122 -22.495999 -4.545455
17.638687 -14.997333 -4.545455
17.497251 -7.498666 -4.545455
17.355815 0.000000 -4.545455
17.355815 0.000000 -4.545455
17.330413 1.346799 -4.545455
17.270753 2.462073 -4.545455
17.176914 3.564978 -4.545455
17.050126 4.650088 -4.545455
16.892047 5.712191 -4.545455
16.704728 6.746351 -4.545455
16.490588 7.747967 -4.545455
16.252364 8.712823 -4.545455
15.993071 9.637137 -4.545455
15.715947 10.517601 -4.545455
15.424402 11.351415 -4.545455
15.121956 12.136309 -4.545455
14.812179 12.870569 -4.545455
14.498634 13.553038 -4.545455
14.184810 14.183123 -4.545455
13.874067 14.760786 -4.545455
13.569570 15.286533 -4.545455
13.274242 15.761386 -4.545455
12.990706 16.186857 -4.545455
12.721236 16.564911 -4.545455
12.467723 16.897922 -4.545455
12.231630 17.188623 -4.545455
12.013966 17.440056 -4.545455
11.815268 17.655510 -4.545455
11.635579 17.838465 -4.545455
11.474448 17.992527 -4.545455
11.330926 18.121365 -4.545455
11.203580 18.228646 -4.545455
11.090507 18.317976 -4.545455
10.989362 18.392835 -4.545455
10.897387 18.456523 -4.545455
10.811452 18.512103 -4.545455
10.728103 18.562354 -4.545455
10.643607 18.609725 -4.545455
10.554014 18.656300 -4.545455
10.455215 18.703766 -4.545455
10.343004 18.753386 -4.545455
10.213142 18.805988 -4.545455
10.061428 18.861954 -4.545455
9.883760 18.921216 -4.545455
9.676203 18.983269 -4.545455
9.435053 19.047182 -4.545455
9.156897 19.111621 -4.545455
8.838667 19.174879 -4.545455
8.477695 19.234909 -4.545455
8.071760 19.289370 -4.545455
7.619125 19.335671 -4.545455
7.118570 19.371023 -4.545455
6.569421 19.392495 -4.545455
5.971568 19.397068 -4.545455
5.325468 19.381700 -4.545455
4.632155 19.343381 -4.545455
3.893229 19.279196 -4.545455
3.110841 19.186380 -4.545455
2.287669 19.062381 -4.545455
1.426892 18.904903 -4.545455
0.532146 18.711966 -4.545455
-0.392517 18.481942 -4.545455
-1.342677 18.213598 -4.545455
-2.313608 17.906124 -4.545455
-3.300333 17.559166 -4.545455
-4.297686 17.172834 -4.545455
-5.300384 16.747723 -4.545455
-6.303087 16.284907 -4.545455
-7.300470 15.785939 -4.545455
-8.287287 15.252838 -4.545455
-9.258440 14.688064 -4.545455
-10.209038 14.094496 -4.545455
-11.134457 13.475391 -4.545455
-12.030396 12.834348 -4.545455
-12.892925 12.175255 -4.545455
-13.718530 11.502244 -4.545455
-14.504148 10.819625 -4.545455
-15.247197 10.131835 -4.545455
-15.945600 9.443370 -4.545455
-16.597797 8.758721 -4.545455
-17.202752 8.082313 -4.545455
-17.759953 7.418438 -4.545455
-18.269399 6.771193 -4.545455
-18.731584 6.144420 -4.545455
-19.147472 5.541651 -4.545455
-19.518467 4.966052 -4.545455
-19.846370 4.420383 -4.545455
-20.133337 3.906948 -4.545455
-20.381831 3.427568 -4.545455
-20.594569 2.983550 -4.545455
-20.774460 2.575669 -4.545455
-20.924551 2.204153 -4.545455
-21.047965 1.868686 -4.545455
-21.147839 1.568404 -4.545455
-21.227265 1.301917 -4.545455
-21.289229 1.067321 -4.545455
-21.336557 0.862235 -4.545455
-21.371861 0.683828 -4.545455
-21.397489 0.528870 -4.545455
-21.415486 0.393776 -4.545455
-21.427552 0.274661 -4.545455
-21.435011 0.167396 -4.545455
-21.438790 0.067678 -4.545455
-21.439400 -0.028915 -4.545455
-21.436926 -0.126849 -4.545455
-21.431027 -0.230570 -4.545455
-21.420941 -0.344439 -4.545455
-21.405501 -0.472661 -4.545455
-21.383151 -0.619225 -4.545455
-21.351984 -0.787843 -4.545455
-21.309765 -0.981895 -4.545455
-21.253984 -1.204375 -4.545455
-21.181893 -1.457850 -4.545455
-21.090565 -1.744417 -4.545455
-20.976942 -2.065677 -4.545455
-20.837898 -2.422704 -4.545455
-20.670299 -2.816036 -4.545455
-20.471058 -3.245662 -4.545455
-20.237204 -3.711025 -4.545455
-19.965937 -4.211028 -4.545455
-19.654686 -4.744053 -4.545455
-19.301165 -5.307987 -4.545455
-18.903426 -5.900246 -4.545455
-18.459900 -6.517822 -4.545455
-17.969445 -7.157323 -4.545455
-17.431374 -7.815025 -4.545455
-16.845488 -8.486925 -4.545455
-16.212093 -9.168802 -4.545455
-15.532015 -9.856278 -4.545455
-14.806604 -10.544879 -4.545455
-14.037731 -11.230103 -4.545455
-13.227780 -11.907483 -4.545455
-12.379624 -12.572650 -4.545455
-11.496599 -13.221395 -4.545455
-10.582476 -13.849724 -4.545455
-9.641412 -14.453918 -4.545455
-8.677908 -15.030577 -4.545455
-7.696754 -15.576666 -4.545455
-6.702975 -16.089555 -4.545455
-5.701764 -16.567044 -4.545455
-4.698423 -17.007394 -4.545455
-3.698293 -17.409335 -4.545455
-2.706689 -17.772083 -4.545455
-1.728831 -18.095334 -4.545455
-0.769780 -18.379258 -4.545455
0.165631 -18.624486 -4.545455
1.072851 -18.832083 -4.545455
1.947677 -19.003526 -4.545455
2.786299 -19.140657 -4.545455
3.585351 -19.245654 -4.545455
4.341950 -19.320970 -4.545455
5.053731 -19.369293 -4.545455
5.718872 -19.393484 -4.545455
6.336112 -19.396523 -4.545455
6.904761 -19.381445 -4.545455
7.424703 -19.351287 -4.545455
7.896390 -19.309022 -4.545455
8.320826 -19.257501 -4.545455
8.699542 -19.199403 -4.545455
9.034573 -19.137173 -4.545455
9.328412 -19.072982 -4.545455
9.583973 -19.008677 -4.545455
9.804537 -18.945745 -4.545455
9.993700 -18.885282 -4.545455
10.155312 -18.827965 -4.545455
10.293414 -18.774038 -4.545455
10.412178 -18.723299 -4.545455
10.515834 -18.675099 -4.545455
10.608609 -18.628347 -4.545455
10.694659 -18.581523 -4.545455
10.778005 -18.532698 -4.545455
10.862475 -18.479566 -4.545455
10.951639 -18.419474 -4.545455
11.048764 -18.349467 -4.545455
11.156760 -18.266334 -4.545455
11.278143 -18.166660 -4.545455
11.414996 -18.046883 -4.545455
11.568942 -17.903353 -4.545455
11.741126 -17.732392 -4.545455
11.932198 -17.530364 -4.545455
12.142312 -17.293729 -4.545455
12.371128 -17.019116 -4.545455
12.617825 -16.703375 -4.545455
12.881115 -16.343645 -4.545455
13.159277 -15.937400 -4.545455
13.450185 -15.482507 -4.545455
13.751349 -14.977269 -4.545455
14.059961 -14.420462 -4.545455
14.372946 -13.811372 -4.545455
14.687016 -13.149817 -4.545455
14.998725 -12.436167 -4.545455
15.304533 -11.671351 -4.545455
15.600865 -10.856864 -4.545455
15.884173 -9.994753 -4.545455
16.150998 -9.087610 -4.545455
16.398025 -8.138542 -4.545455
16.622144 -7.151148 -4.545455
16.820500 -6.129474 -4.545455
16.990543 -5.077973 -4.545455
17.130069 -4.001455 -4.545455
17.237260 -2.905027 -4.545455
17.310711 -1.794039 -4.545455
17.349457 -0.674013 -4.545455
17.355815 -0.000000 -4.545455
17.355815 -0.000000 -4.545455
17.426562 7.499666 -4.545455
17.497309 14.999333 -4.545455
17.568056 22.498999 -4.545455
17.638803 29.998665 -4.545455
17.638803 29.998665 -4.545455
25.110226 29.975170 -4.545455
32.581649 29.951674 -4.545455
40.053073 29.928179 -4.545455
47.524496 29.904684 -4.545455

48.163066 -29.900683 -9.090909
40.691643 -29.924179 -9.090909
33.220220 -29.947674 -9.090909
25.748796 -29.971170 -9.090909
18.277373 -29.994665 -9.090909
18.277373 -29.994665 -9.090909
18.135937 -22.495999 -9.090909
17.994502 -14.997333 -9.090909
17.853066 -7.498666 -9.090909
17.711630 0.000000 -9.090909
17.711630 0.000000 -9.090909
17.685707 1.374410 -9.090909
17.624824 2.512548 -9.090909
17.529061 3.638064 -9.090909
17.399675 4.745420 -9.090909
17.238354 5.829298 -9.090909
17.047195 6.884659 -9.090909
16.828665 7.906810 -9.090909
16.585557 8.891446 -9.090909
16.320948 9.834710 -9.090909
16.038143 10.733225 -9.090909
15.740621 11.584132 -9.090909
15.431974 12.385118 -9.090909
15.115847 13.134431 -9.090909
14.795874 13.830892 -9.090909
14.475616 14.473894 -9.090909
14.158502 15.063400 -9.090909
13.847763 15.599925 -9.090909
13.546380 16.084513 -9.090909
13.257031 16.518707 -9.090909
12.982037 16.904512 -9.090909
12.723326 17.244350 -9.090909
12.482393 17.541011 -9.090909
12.260267 17.797598 -9.090909
12.057495 18.017469 -9.090909
11.874123 18.204175 -9.090909
11.709688 18.361396 -9.090909
11.563224 18.492875 -9.090909
11.433267 18.602355 -9.090909
11.317876 18.693517 -9.090909
11.214657 18.769911 -9.090909
11.120796 18.834904 -9.090909
11.033100 18.891624 -9.090909
10.948042 18.942904 -9.090909
10.861814 18.991247 -9.090909
10.770384 19.038777 -9.090909
10.669560 19.087215 -9.090909
10.555048 19.137853 -9.090909
10.422524 19.191534 -9.090909
10.267699 19.248646 -9.090909
10.086389 19.309124 -9.090909
9.874577 19.372449 -9.090909
9.628483 19.437672 -9.090909
9.344624 19.503432 -9.090909
9.019870 19.567987 -9.090909
8.651498 19.629247 -9.090909
8.237241 19.684825 -9.090909
7.775326 19.732076 -9.090909
7.264509 19.768153 -9.090909
6.704102 19.790064 -9.090909
6.093992 19.794732 -9.090909
5.434646 19.779048 -9.090909
4.727120 19.739944 -9.090909
3.973045 19.674442 -9.090909
3.174617 19.579724 -9.090909
2.334569 19.453182 -9.090909
1.456145 19.292477 -9.090909
0.543055 19.095584 -9.090909
-0.400564 18.860845 -9.090909
-1.370204 18.586998 -9.090909
-2.361040 18.273221 -9.090909
-3.367993 17.919150 -9.090909
-4.385794 17.524898 -9.090909
-5.409048 17.091071 -9.090909
-6.432308 16.618767 -9.090909
-7.450138 16.109570 -9.090909
-8.457187 15.565539 -9.090909
-9.448250 14.989187 -9.090909
-10.418336 14.383450 -9.090909
-11.362727 13.751653 -9.090909
-12.277034 13.097467 -9.090909
-13.157246 12.424863 -9.090909
-13.999777 11.738054 -9.090909
-14.801500 11.041440 -9.090909
-15.559783 10.339550 -9.090909
-16.272504 9.636970 -9.090909
-16.938072 8.938285 -9.090909
-17.555429 8.248011 -9.090909
-18.124053 7.570525 -9.090909
-18.643943 6.910011 -9.090909
-19.115604 6.270388 -9.090909
-19.540019 5.655261 -9.090909
-19.918619 5.067862 -9.090909
-20.253244 4.511006 -9.090909
-20.546094 3.987045 -9.090909
-20.799684 3.497838 -9.090909
-21.016782 3.044717 -9.090909
-21.200361 2.628473 -9.090909
-21.353529 2.249341 -9.090909
-21.479474 1.906996 -9.090909
-21.581395 1.600559 -9.090909
-21.662450 1.328608 -9.090909
-21.725684 1.089203 -9.090909
-21.773982 0.879911 -9.090909
-21.810010 0.697847 -9.090909
-21.836164 0.539713 -9.090909
-21.854530 0.401849 -9.090909
-21.866842 0.280291 -9.090909
-21.874454 0.170828 -9.090909
-21.878311 0.069065 -9.090909
-21.878933 -0.029508 -9.090909
-21.876409 -0.129449 -9.090909
-21.870389 -0.235297 -9.090909
-21.860096 -0.351500 -9.090909
-21.844339 -0.482351 -9.090909
-21.821532 -0.631919 -9.090909
-21.789725 -0.803995 -9.090909
-21.746641 -1.002025 -9.090909
-21.689716 -1.229066 -9.090909
-21.616147 -1.487737 -9.090909
-21.522947 -1.780180 -9.090909
-21.406994 -2.108026 -9.090909
-21.265100 -2.472373 -9.090909
-21.094065 -2.873768 -9.090909
-20.890739 -3.312202 -9.090909
-20.652091 -3.787105 -9.090909
-20.375263 -4.297359 -9.090909
-20.057631 -4.841312 -9.090909
-19.696862 -5.416807 -9.090909
-19.290969 -6.021208 -9.090909
-18.838350 -6.651445 -9.090909
-18.337840 -7.304057 -9.090909
-17.788739 -7.975242 -9.090909
-17.190841 -8.660917 -9.090909
-16.544460 -9.356774 -9.090909
-15.850440 -10.058343 -9.090909
-15.110157 -10.761061 -9.090909
-14.325522 -11.460333 -9.090909
-13.498966 -12.151601 -9.090909
-12.633421 -12.830405 -9.090909
-11.732293 -13.492449 -9.090909
-10.799429 -14.133660 -9.090909
-9.839072 -14.750241 -9.090909
-8.855815 -15.338722 -9.090909
-7.854547 -15.896007 -9.090909
-6.840394 -16.419410 -9.090909
-5.818657 -16.906689 -9.090909
-4.794746 -17.356066 -9.090909
-3.774112 -17.766248 -9.090909
-2.762179 -18.136433 -9.090909
-1.764274 -18.466310 -9.090909
-0.785561 -18.756055 -9.090909
0.169026 -19.006310 -9.090909
1.094846 -19.218164 -9.090909
1.987607 -19.393121 -9.090909
2.843421 -19.533064 -9.090909
3.658855 -19.640213 -9.090909
4.430965 -19.717073 -9.090909
5.157339 -19.766387 -9.090909
5.836116 -19.791074 -9.090909
6.466010 -19.794175 -9.090909
7.046316 -19.778788 -9.090909
7.576918 -19.748012 -9.090909
8.058276 -19.704880 -9.090909
8.491413 -19.652303 -9.090909
8.877893 -19.593014 -9.090909
9.219792 -19.529508 -9.090909
9.519655 -19.464001 -9.090909
9.780456 -19.398378 -9.090909
10.005542 -19.334156 -9.090909
10.198583 -19.272453 -9.090909
10.363508 -19.213961 -9.090909
10.504442 -19.158928 -9.090909
10.625640 -19.107149 -9.090909
10.731421 -19.057961 -9.090909
10.826098 -19.010251 -9.090909
10.913912 -18.962466 -9.090909
10.998968 -18.912641 -9.090909
11.085169 -18.858419 -9.090909
11.176161 -18.797095 -9.090909
11.275277 -18.725653 -9.090909
11.385487 -18.640816 -9.090909
11.509358 -18.539099 -9.090909
11.649017 -18.416866 -9.090909
11.806119 -18.270393 -9.090909
11.981833 -18.095928 -9.090909
12.176822 -17.889757 -9.090909
12.391244 -17.648272 -9.090909
12.624751 -17.368028 -9.090909
12.876505 -17.045815 -9.090909
13.145193 -16.678709 -9.090909
13.429058 -16.264136 -9.090909
13.725930 -15.799917 -9.090909
14.033268 -15.284321 -9.090909
14.348207 -14.716099 -9.090909
14.667609 -14.094522 -9.090909
14.988117 -13.419404 -9.090909
15.306216 -12.691123 -9.090909
15.618294 -11.910628 -9.090909
15.920701 -11.079443 -9.090909
16.209818 -10.199658 -9.090909
16.482113 -9.273917 -9.090909
16.734204 -8.305392 -9.090909
16.962918 -7.297755 -9.090909
17.165341 -6.255136 -9.090909
17.338870 -5.182078 -9.090909
17.481256 -4.083490 -9.090909
17.590644 -2.964584 -9.090909
17.665601 -1.830818 -9.090909
17.705142 -0.687831 -9.090909
17.711630 -0.000000 -9.090909
17.711630 -0.000000 -9.090909
17.782377 7.499666 -9.090909
17.853124 14.999333 -9.090909
17.923871 22.498999 -9.090909
17.994618 29.998665 -9.090909
17.994618 29.998665 -9.090909
25.466041 29.975170 -9.090909
32.937464 29.951674 -9.090909
40.408888 29.928179 -9.090909
47.880311 29.904684 -9.090909

48.518881 -29.900683 -13.636364
41.047458 -29.924179 -13.636364
33.576035 -29.947674 -13.636364
26.104611 -29.971170 -13.636364
18.633188 -29.994665 -13.636364
18.633188 -29.994665 -13.636364
18.491752 -22.495999 -13.636364
18.350317 -14.997333 -13.636364
18.208881 -7.498666 -13.636364
18.067445 0.000000 -13.636364
18.067445 0.000000 -13.636364
18.041001 1.402021 -13.636364
17.978895 2.563024 -13.636364
17.881209 3.711151 -13.636364
17.749223 4.840753 -13.636364
17.584661 5.946405 -13.636364
17.389662 7.022968 -13.636364
17.166742 8.065652 -13.636364
16.918750 9.070069 -13.636364
16.648825 10.032283 -13.636364
16.360339 10.948848 -13.636364
16.056840 11.816850 -13.636364
15.741993 12.633927 -13.636364
15.419514 13.398294 -13.636364
15.093113 14.108745 -13.636364
14.766422 14.764665 -13.636364
14.442937 15.366014 -13.636364
14.125955 15.913317 -13.636364
13.818518 16.407640 -13.636364
13.523356 16.850557 -13.636364
13.242838 17.244113 -13.636364
12.978930 17.590778 -13.636364
12.733156 17.893398 -13.636364
12.506568 18.155140 -13.636364
12.299723 18.379429 -13.636364
12.112666 18.569885 -13.636364
11.944928 18.730264 -13.636364
11.795521 18.864385 -13.636364
11.662954 18.976065 -13.636364
11.545245 19.069057 -13.636364
11.439952 19.146986 -13.636364
11.344206 19.213285 -13.636364
11.254748 19.271144 -13.636364
11.167981 19.323455 -13.636364
11.080020 19.372769 -13.636364
10.986754 19.421254 -13.636364
10.883905 19.470665 -13.636364
10.767092 19.522320 -13.636364
10.631906 19.577079 -13.636364
10.473971 19.635339 -13.636364
10.289018 19.697031 -13.636364
10.072951 19.761629 -13.636364
9.821913 19.828163 -13.636364
9.532352 19.895244 -13.636364
9.201074 19.961095 -13.636364
8.825301 20.023586 -13.636364
8.402722 20.080281 -13.636364
7.931527 20.128480 -13.636364
7.410448 20.165282 -13.636364
6.838783 20.187634 -13.636364
6.216416 20.192395 -13.636364
5.543825 20.176397 -13.636364
4.822085 20.136506 -13.636364
4.052861 20.069689 -13.636364
3.238393 19.973068 -13.636364
2.381469 19.843984 -13.636364
1.485398 19.680050 -13.636364
0.553965 19.479202 -13.636364
-0.408611 19.239747 -13.636364
-1.397730 18.960399 -13.636364
-2.408472 18.640319 -13.636364
-3.435654 18.279134 -13.636364
-4.473902 17.876962 -13.636364
-5.517713 17.434420 -13.636364
-6.561529 16.952627 -13.636364
-7.599807 16.433201 -13.636364
-8.627086 15.878241 -13.636364
-9.638059 15.290310 -13.636364
-10.627633 14.672404 -13.636364
-11.590997 14.027915 -13.636364
-12.523671 13.360587 -13.636364
-13.421566 12.674470 -13.636364
-14.281023 11.973863 -13.636364
-15.098853 11.263256 -13.636364
-15.872369 10.547265 -13.636364
-16.599408 9.830571 -13.636364
-17.278346 9.117850 -13.636364
-17.908106 8.413708 -13.636364
-18.488154 7.722612 -13.636364
-19.018488 7.048828 -13.636364
-19.499624 6.396356 -13.636364
-19.932565 5.768872 -13.636364
-20.318771 5.169672 -13.636364
-20.660119 4.601629 -13.636364
-20.958852 4.067142 -13.636364
-21.217536 3.568107 -13.636364
-21.438996 3.105883 -13.636364
-21.626263 2.681278 -13.636364
-21.782508 2.294529 -13.636364
-21.910982 1.945307 -13.636364
-22.014952 1.632713 -13.636364
-22.097634 1.355299 -13.636364
-22.162139 1.111084 -13.636364
-22.211407 0.897588 -13.636364
-22.248159 0.711867 -13.636364
-22.274838 0.550555 -13.636364
-22.293573 0.409922 -13.636364
-22.306133 0.285922 -13.636364
-22.313898 0.174260 -13.636364
-22.317832 0.070452 -13.636364
-22.318467 -0.030101 -13.636364
-22.315892 -0.132050 -13.636364
-22.309751 -0.240024 -13.636364
-22.299252 -0.358562 -13.636364
-22.283178 -0.492041 -13.636364
-22.259912 -0.644614 -13.636364
-22.227466 -0.820146 -13.636364
-22.183517 -1.022155 -13.636364
-22.125448 -1.253757 -13.636364
-22.050402 -1.517625 -13.636364
-21.955329 -1.815943 -13.636364
-21.837047 -2.150375 -13.636364
-21.692302 -2.522041 -13.636364
-21.517831 -2.931501 -13.636364
-21.310421 -3.378742 -13.636364
-21.066979 -3.863186 -13.636364
-20.784589 -4.383690 -13.636364
-20.460575 -4.938571 -13.636364
-20.092560 -5.525627 -13.636364
-19.678512 -6.142170 -13.636364
-19.216801 -6.785068 -13.636364
-18.706236 -7.450791 -13.636364
-18.146103 -8.135460 -13.636364
-17.536194 -8.834910 -13.636364
-16.876828 -9.544745 -13.636364
-16.168865 -10.260409 -13.636364
-15.413710 -10.977244 -13.636364
-14.613312 -11.690564 -13.636364
-13.770151 -12.395719 -13.636364
-12.887218 -13.088159 -13.636364
-11.967988 -13.763504 -13.636364
-11.016383 -14.417596 -13.636364
-10.036733 -15.046563 -13.636364
-9.033723 -15.646867 -13.636364
-8.012340 -16.215347 -13.636364
-6.977813 -16.749266 -13.636364
-5.935550 -17.246333 -13.636364
-4.891069 -17.704738 -13.636364
-3.849932 -18.123160 -13.636364
-2.817669 -18.500782 -13.636364
-1.799717 -18.837286 -13.636364
-0.801342 -19.132852 -13.636364
0.172422 -19.388134 -13.636364
1.116841 -19.604244 -13.636364
2.027537 -19.782716 -13.636364
2.900544 -19.925471 -13.636364
3.732359 -20.034772 -13.636364
4.519981 -20.113176 -13.636364
5.260946 -20.163480 -13.636364
5.953360 -20.188664 -13.636364
6.595907 -20.191827 -13.636364
7.187872 -20.176131 -13.636364
7.729134 -20.144737 -13.636364
8.220161 -20.100738 -13.636364
8.661999 -20.047105 -13.636364
9.056244 -19.986625 -13.636364
9.405012 -19.921844 -13.636364
9.710899 -19.855021 -13.636364
9.976939 -19.788079 -13.636364
10.206547 -19.722566 -13.636364
10.403466 -19.659624 -13.636364
10.571704 -19.599957 -13.636364
10.715469 -19.543818 -13.636364
10.839102 -19.490999 -13.636364
10.947008 -19.440823 -13.636364
11.043587 -19.392154 -13.636364
11.133165 -19.343410 -13.636364
11.219930 -19.292583 -13.636364
11.307862 -19.237273 -13.636364
11.400682 -19.174717 -13.636364
11.501789 -19.101839 -13.636364
11.614214 -19.015298 -13.636364
11.740574 -18.911537 -13.636364
11.883038 -18.786849 -13.636364
12.043297 -18.637433 -13.636364
12.222540 -18.459463 -13.636364
12.421447 -18.249151 -13.636364
12.640176 -18.002814 -13.636364
12.878374 -17.716941 -13.636364
13.135186 -17.388254 -13.636364
13.409272 -17.013773 -13.636364
13.698839 -16.590872 -13.636364
14.001675 -16.117327 -13.636364
14.315187 -15.591373 -13.636364
14.636453 -15.011736 -13.636364
14.962272 -14.377672 -13.636364
15.289219 -13.688992 -13.636364
15.613708 -12.946080 -13.636364
15.932055 -12.149905 -13.636364
16.240538 -11.302021 -13.636364
16.535463 -10.404562 -13.636364
16.813228 -9.460224 -13.636364
17.070384 -8.472242 -13.636364
17.303692 -7.444362 -13.636364
17.510181 -6.380797 -13.636364
17.687196 -5.286182 -13.636364
17.832443 -4.165524 -13.636364
17.944029 -3.024140 -13.636364
18.020491 -1.867598 -13.636364
18.060827 -0.701649 -13.636364
18.067445 -0.000000 -13.636364
18.067445 -0.000000 -13.636364
18.138192 7.499666 -13.636364
18.208939 14.999333 -13.636364
18.279686 22.498999 -13.636364
18.350433 29.998665 -13.636364
18.350433 29.998665 -13.636364
25.821856 29.975170 -13.636364
33.293280 29.951674 -13.636364
40.764703 29.928179 -13.636364
48.236126 29.904684 -13.636364

48.874697 -29.900683 -18.181818
41.403273 -29.924179 -18.181818
33.931850 -29.947674 -18.181818
26.460427 -29.971170 -18.181818
18.989003 -29.994665 -18.181818
18.989003 -29.994665 -18.181818
18.847568 -22.495999 -18.181818
18.706132 -14.997333 -18.181818
18.564696 -7.498666 -18.181818
18.423261 0.000000 -18.181818
18.423261 0.000000 -18.181818
18.396296 1.429632 -18.181818
18.332967 2.613499 -18.181818
18.233356 3.784237 -18.181818
18.098771 4.936085 -18.181818
17.930969 6.063511 -18.181818
17.732130 7.161276 -18.181818
17.504819 8.224495 -18.181818
17.251943 9.248693 -18.181818
16.976702 10.229856 -18.181818
16.682535 11.164472 -18.181818
16.373059 12.049568 -18.181818
16.052011 12.882736 -18.181818
15.723182 13.662156 -18.181818
15.390353 14.386599 -18.181818
15.057228 15.055436 -18.181818
14.727372 15.668628 -18.181818
14.404148 16.226710 -18.181818
14.090656 16.730768 -18.181818
13.789681 17.182407 -18.181818
13.503638 17.583713 -18.181818
13.234533 17.937206 -18.181818
12.983919 18.245786 -18.181818
12.752869 18.512682 -18.181818
12.541950 18.741388 -18.181818
12.351210 18.935595 -18.181818
12.180168 19.099133 -18.181818
12.027819 19.235894 -18.181818
11.892641 19.349774 -18.181818
11.772614 19.444598 -18.181818
11.665248 19.524061 -18.181818
11.567615 19.591666 -18.181818
11.476396 19.650665 -18.181818
11.387920 19.704006 -18.181818
11.298227 19.754290 -18.181818
11.203124 19.803730 -18.181818
11.098249 19.854115 -18.181818
10.979136 19.906787 -18.181818
10.841287 19.962625 -18.181818
10.680242 20.022032 -18.181818
10.491647 20.084939 -18.181818
10.271325 20.150809 -18.181818
10.015343 20.218653 -18.181818
9.720079 20.287055 -18.181818
9.382277 20.354203 -18.181818
8.999104 20.417925 -18.181818
8.568203 20.475736 -18.181818
8.087728 20.524885 -18.181818
7.556387 20.562411 -18.181818
6.973465 20.585204 -18.181818
6.338841 20.590058 -18.181818
5.653003 20.573745 -18.181818
4.917050 20.533069 -18.181818
4.132677 20.464936 -18.181818
3.302169 20.366412 -18.181818
2.428369 20.234786 -18.181818
1.514651 20.067623 -18.181818
0.564874 19.862820 -18.181818
-0.416658 19.618649 -18.181818
-1.425257 19.333800 -18.181818
-2.455904 19.007416 -18.181818
-3.503315 18.639118 -18.181818
-4.562010 18.229025 -18.181818
-5.626377 17.777768 -18.181818
-6.690750 17.286487 -18.181818
-7.749475 16.756831 -18.181818
-8.796986 16.190942 -18.181818
-9.827868 15.591433 -18.181818
-10.836931 14.961358 -18.181818
-11.819267 14.304176 -18.181818
-12.770309 13.623707 -18.181818
-13.685887 12.924078 -18.181818
-14.562270 12.209673 -18.181818
-15.396205 11.485071 -18.181818
-16.184955 10.754980 -18.181818
-16.926312 10.024171 -18.181818
-17.618621 9.297414 -18.181818
-18.260784 8.579405 -18.181818
-18.852254 7.874699 -18.181818
-19.393033 7.187646 -18.181818
-19.883644 6.522324 -18.181818
-20.325111 5.882482 -18.181818
-20.718924 5.271483 -18.181818
-21.066993 4.692252 -18.181818
-21.371610 4.147240 -18.181818
-21.635388 3.638376 -18.181818
-21.861209 3.167050 -18.181818
-22.052164 2.734082 -18.181818
-22.211486 2.339717 -18.181818
-22.342491 1.983617 -18.181818
-22.448508 1.664867 -18.181818
-22.532819 1.381990 -18.181818
-22.598594 1.132966 -18.181818
-22.648833 0.915265 -18.181818
-22.686307 0.725886 -18.181818
-22.713512 0.561398 -18.181818
-22.732616 0.417995 -18.181818
-22.745424 0.291553 -18.181818
-22.753341 0.177692 -18.181818
-22.757353 0.071840 -18.181818
-22.758001 -0.030694 -18.181818
-22.755374 -0.134651 -18.181818
-22.749113 -0.244751 -18.181818
-22.738407 -0.365623 -18.181818
-22.722016 -0.501731 -18.181818
-22.698293 -0.657309 -18.181818
-22.665208 -0.836298 -18.181818
-22.620393 -1.042285 -18.181818
-22.561180 -1.278448 -18.181818
-22.484656 -1.547513 -18.181818
-22.387711 -1.851705 -18.181818
-22.267099 -2.192724 -18.181818
-22.119504 -2.571709 -18.181818
-21.941597 -2.989233 -18.181818
-21.730102 -3.445282 -18.181818
-21.481866 -3.939266 -18.181818
-21.193914 -4.470021 -18.181818
-20.863520 -5.035830 -18.181818
-20.488257 -5.634447 -18.181818
-20.066055 -6.263132 -18.181818
-19.595251 -6.918691 -18.181818
-19.074631 -7.597524 -18.181818
-18.503467 -8.295677 -18.181818
-17.881547 -9.008902 -18.181818
-17.209195 -9.732717 -18.181818
-16.487290 -10.462474 -18.181818
-15.717263 -11.193427 -18.181818
-14.901103 -11.920795 -18.181818
-14.041337 -12.639836 -18.181818
-13.141015 -13.345914 -18.181818
-12.203682 -14.034558 -18.181818
-11.233336 -14.701532 -18.181818
-10.234393 -15.342886 -18.181818
-9.211630 -15.955012 -18.181818
-8.170132 -16.534688 -18.181818
-7.115232 -17.079121 -18.181818
-6.052443 -17.585977 -18.181818
-4.987393 -18.053410 -18.181818
-3.925751 -18.480072 -18.181818
-2.873160 -18.865131 -18.181818
-1.835160 -19.208263 -18.181818
-0.817124 -19.509649 -18.181818
0.175818 -19.769959 -18.181818
1.138836 -19.990325 -18.181818
2.067466 -20.172311 -18.181818
2.957666 -20.317877 -18.181818
3.805863 -20.429331 -18.181818
4.608996 -20.509279 -18.181818
5.364554 -20.560574 -18.181818
6.070603 -20.586253 -18.181818
6.725805 -20.589479 -18.181818
7.329428 -20.573474 -18.181818
7.881349 -20.541462 -18.181818
8.382047 -20.496597 -18.181818
8.832586 -20.441907 -18.181818
9.234595 -20.380236 -18.181818
9.590232 -20.314179 -18.181818
9.902143 -20.246040 -18.181818
10.173422 -20.177780 -18.181818
10.407551 -20.110977 -18.181818
10.608349 -20.046795 -18.181818
10.779900 -19.985953 -18.181818
10.926496 -19.928709 -18.181818
11.052564 -19.874850 -18.181818
11.162595 -19.823685 -18.181818
11.261076 -19.774058 -18.181818
11.352419 -19.724353 -18.181818
11.440892 -19.672526 -18.181818
11.530556 -19.616126 -18.181818
11.625204 -19.552338 -18.181818
11.728302 -19.478026 -18.181818
11.842941 -19.389780 -18.181818
11.971789 -19.283976 -18.181818
12.117059 -19.156832 -18.181818
12.280474 -19.004473 -18.181818
12.463247 -18.822999 -18.181818
12.666071 -18.608544 -18.181818
12.889108 -18.357356 -18.181818
13.131997 -18.065853 -18.181818
13.393866 -17.730693 -18.181818
13.673350 -17.348838 -18.181818
13.968620 -16.917607 -18.181818
14.277420 -16.434737 -18.181818
14.597106 -15.898425 -18.181818
14.924700 -15.307373 -18.181818
15.256935 -14.660822 -18.181818
15.590320 -13.958579 -18.181818
15.921200 -13.201036 -18.181818
16.245817 -12.389182 -18.181818
16.560374 -11.524600 -18.181818
16.861107 -10.609467 -18.181818
17.144343 -9.646531 -18.181818
17.406563 -8.639092 -18.181818
17.644466 -7.590970 -18.181818
17.855022 -6.506459 -18.181818
18.035523 -5.390287 -18.181818
18.183630 -4.247559 -18.181818
18.297413 -3.083697 -18.181818
18.375382 -1.904378 -18.181818
18.416511 -0.715467 -18.181818
18.423261 -0.000000 -18.181818
18.423261 -0.000000 -18.181818
18.494007 7.499666 -18.181818
18.564754 14.999333 -18.181818
18.635501 22.498999 -18.181818
18.706248 29.998665 -18.181818
18.706248 29.998665 -18.181818
26.177671 29.975170 -18.181818
33.649095 29.951674 -18.181818
41.120518 29.928179 -18.181818
48.591941 29.904684 -18.181818

49.230512 -29.900683 -22.727273
41.759088 -29.924179 -22.727273
34.287665 -29.947674 -22.727273
26.816242 -29.971170 -22.727273
19.344818 -29.994665 -22.727273
19.344818 -29.994665 -22.727273
19.203383 -22.495999 -22.727273
19.061947 -14.997333 -22.727273
18.920511 -7.498666 -22.727273
18.779076 0.000000 -22.727273
18.779076 0.000000 -22.727273
18.751590 1.457243 -22.727273
18.687038 2.663975 -22.727273
18.585504 3.857324 -22.727273
18.448319 5.031418 -22.727273
18.277276 6.180618 -22.727273
18.074597 7.299584 -22.727273
17.842896 8.383338 -22.727273
17.585136 9.427316 -22.727273
17.304580 10.427429 -22.727273
17.004731 11.380095 -22.727273
16.689278 12.282285 -22.727273
16.362029 13.131545 -22.727273
16.026849 13.926018 -22.727273
15.687592 14.664452 -22.727273
15.348033 15.346207 -22.727273
15.011807 15.971242 -22.727273
14.682340 16.540102 -22.727273
14.362794 17.053895 -22.727273
14.056006 17.514257 -22.727273
13.764439 17.923314 -22.727273
13.490137 18.283633 -22.727273
13.234682 18.598173 -22.727273
12.999170 18.870225 -22.727273
12.784177 19.103347 -22.727273
12.589753 19.301305 -22.727273
12.415408 19.468001 -22.727273
12.260117 19.607404 -22.727273
12.122328 19.723483 -22.727273
11.999982 19.820139 -22.727273
11.890543 19.901137 -22.727273
11.791025 19.970047 -22.727273
11.698043 20.030185 -22.727273
11.607859 20.084556 -22.727273
11.516434 20.135812 -22.727273
11.419494 20.186207 -22.727273
11.312594 20.237565 -22.727273
11.191180 20.291254 -22.727273
11.050669 20.348170 -22.727273
10.886514 20.408725 -22.727273
10.694276 20.472847 -22.727273
10.469698 20.539989 -22.727273
10.208773 20.609143 -22.727273
9.907807 20.678866 -22.727273
9.563480 20.747311 -22.727273
9.172907 20.812264 -22.727273
8.733684 20.871191 -22.727273
8.243930 20.921289 -22.727273
7.702327 20.959541 -22.727273
7.108146 20.982773 -22.727273
6.461265 20.987722 -22.727273
5.762182 20.971093 -22.727273
5.012014 20.929632 -22.727273
4.212493 20.860183 -22.727273
3.365945 20.759756 -22.727273
2.475269 20.625588 -22.727273
1.543904 20.455197 -22.727273
0.575784 20.246438 -22.727273
-0.424705 19.997551 -22.727273
-1.452783 19.707201 -22.727273
-2.503335 19.374513 -22.727273
-3.570976 18.999102 -22.727273
-4.650117 18.581089 -22.727273
-5.735041 18.121117 -22.727273
-6.819971 17.620347 -22.727273
-7.899144 17.080462 -22.727273
-8.966885 16.503644 -22.727273
-10.017677 15.892556 -22.727273
-11.046229 15.250313 -22.727273
-12.047536 14.580438 -22.727273
-13.016947 13.886826 -22.727273
-13.950208 13.173685 -22.727273
-14.843516 12.445483 -22.727273
-15.693558 11.706887 -22.727273
-16.497541 10.962694 -22.727273
-17.253216 10.217772 -22.727273
-17.958896 9.476978 -22.727273
-18.613461 8.745102 -22.727273
-19.216355 8.026786 -22.727273
-19.767578 7.326464 -22.727273
-20.267664 6.648292 -22.727273
-20.717658 5.996093 -22.727273
-21.119076 5.373293 -22.727273
-21.473868 4.782876 -22.727273
-21.784368 4.227337 -22.727273
-22.053240 3.708645 -22.727273
-22.283423 3.228216 -22.727273
-22.478066 2.786886 -22.727273
-22.640465 2.384905 -22.727273
-22.774000 2.021927 -22.727273
-22.882064 1.697021 -22.727273
-22.968003 1.408680 -22.727273
-23.035049 1.154847 -22.727273
-23.086258 0.932942 -22.727273
-23.124456 0.739905 -22.727273
-23.152187 0.572240 -22.727273
-23.171659 0.426068 -22.727273
-23.184714 0.297184 -22.727273
-23.192785 0.181123 -22.727273
-23.196874 0.073227 -22.727273
-23.197534 -0.031286 -22.727273
-23.194857 -0.137251 -22.727273
-23.188475 -0.249478 -22.727273
-23.177562 -0.372685 -22.727273
-23.160855 -0.511421 -22.727273
-23.136673 -0.670004 -22.727273
-23.102949 -0.852450 -22.727273
-23.057269 -1.062415 -22.727273
-22.996913 -1.303139 -22.727273
-22.918910 -1.577400 -22.727273
-22.820093 -1.887468 -22.727273
-22.697152 -2.235072 -22.727273
-22.546706 -2.621378 -22.727273
-22.365363 -3.046965 -22.727273
-22.149784 -3.511822 -22.727273
-21.896753 -4.015347 -22.727273
-21.603240 -4.556352 -22.727273
-21.266465 -5.133089 -22.727273
-20.883954 -5.743267 -22.727273
-20.453598 -6.384094 -22.727273
-19.973701 -7.052315 -22.727273
-19.443026 -7.744258 -22.727273
-18.860831 -8.455895 -22.727273
-18.226900 -9.182894 -22.727273
-17.541563 -9.920688 -22.727273
-16.805715 -10.664540 -22.727273
-16.020817 -11.409609 -22.727273
-15.188893 -12.151025 -22.727273
-14.312522 -12.883954 -22.727273
-13.394812 -13.603668 -22.727273
-12.439376 -14.305613 -22.727273
-11.450290 -14.985468 -22.727273
-10.432054 -15.639209 -22.727273
-9.389538 -16.263157 -22.727273
-8.327925 -16.854028 -22.727273
-7.252651 -17.408976 -22.727273
-6.169336 -17.925622 -22.727273
-5.083716 -18.402082 -22.727273
-4.001570 -18.836985 -22.727273
-2.928650 -19.229480 -22.727273
-1.870603 -19.579239 -22.727273
-0.832905 -19.886446 -22.727273
0.179213 -20.151783 -22.727273
1.160830 -20.376405 -22.727273
2.107396 -20.561906 -22.727273
3.014789 -20.710284 -22.727273
3.879367 -20.823890 -22.727273
4.698011 -20.905382 -22.727273
5.468162 -20.957668 -22.727273
6.187847 -20.983843 -22.727273
6.855703 -20.987131 -22.727273
7.470984 -20.970817 -22.727273
8.033565 -20.938186 -22.727273
8.543932 -20.892455 -22.727273
9.003173 -20.836709 -22.727273
9.412947 -20.773846 -22.727273
9.775451 -20.706514 -22.727273
10.093387 -20.637059 -22.727273
10.369905 -20.567480 -22.727273
10.608556 -20.499388 -22.727273
10.813231 -20.433966 -22.727273
10.988096 -20.371949 -22.727273
11.137524 -20.313599 -22.727273
11.266027 -20.258700 -22.727273
11.378183 -20.206547 -22.727273
11.478566 -20.155961 -22.727273
11.571672 -20.105297 -22.727273
11.661854 -20.052469 -22.727273
11.753250 -19.994979 -22.727273
11.849726 -19.929960 -22.727273
11.954815 -19.854212 -22.727273
12.071668 -19.764262 -22.727273
12.203005 -19.656414 -22.727273
12.351080 -19.526815 -22.727273
12.517651 -19.371514 -22.727273
12.703955 -19.186534 -22.727273
12.910695 -18.967938 -22.727273
13.138040 -18.711899 -22.727273
13.385621 -18.414765 -22.727273
13.652547 -18.073133 -22.727273
13.937428 -17.683902 -22.727273
14.238401 -17.244343 -22.727273
14.553165 -16.752147 -22.727273
14.879026 -16.205477 -22.727273
15.212946 -15.603010 -22.727273
15.551597 -14.943971 -22.727273
15.891422 -14.228166 -22.727273
16.228692 -13.455993 -22.727273
16.559578 -12.628458 -22.727273
16.880211 -11.747179 -22.727273
17.186752 -10.814371 -22.727273
17.475458 -9.832837 -22.727273
17.742742 -8.805942 -22.727273
17.985240 -7.737577 -22.727273
18.199863 -6.632120 -22.727273
18.383850 -5.494392 -22.727273
18.534818 -4.329593 -22.727273
18.650798 -3.143253 -22.727273
18.730272 -1.941158 -22.727273
18.772196 -0.729285 -22.727273
18.779076 -0.000000 -22.727273
18.779076 -0.000000 -22.727273
18.849823 7.499666 -22.727273
18.920570 14.999333 -22.727273
18.991316 22.498999 -22.727273
19.062063 29.998665 -22.727273
19.062063 29.998665 -22.727273
26.533487 29.975170 -22.727273
34.004910 29.951674 -22.727273
41.476333 29.928179 -22.727273
48.947756 29.904684 -22.727273

49.586327 -29.900683 -27.272727
42.114903 -29.924179 -27.272727
34.643480 -29.947674 -27.272727
27.172057 -29.971170 -27.272727
19.700634 -29.994665 -27.272727
19.700634 -29.994665 -27.272727
19.559198 -22.495999 -27.272727
19.417762 -14.997333 -27.272727
19.276327 -7.498666 -27.272727
19.134891 0.000000 -27.272727
19.134891 0.000000 -27.272727
19.106884 1.484854 -27.272727
19.041109 2.714450 -27.272727
18.937651 3.930410 -27.272727
18.797867 5.126750 -27.272727
18.623583 6.297725 -27.272727
18.417064 7.437893 -27.272727
18.180973 8.542180 -27.272727
17.918329 9.605940 -27.272727
17.632457 10.625001 -27.272727
17.326927 11.595719 -27.272727
17.005497 12.515003 -27.272727
16.672048 13.380354 -27.272727
16.330517 14.189880 -27.272727
15.984832 14.942306 -27.272727
15.638839 15.636978 -27.272727
15.296242 16.273856 -27.272727
14.960533 16.853495 -27.272727
14.634932 17.377023 -27.272727
14.322331 17.846108 -27.272727
14.025240 18.262915 -27.272727
13.745740 18.630061 -27.272727
13.485445 18.950561 -27.272727
13.245470 19.227767 -27.272727
13.026404 19.465306 -27.272727
12.828296 19.667015 -27.272727
12.650648 19.836870 -27.272727
12.492414 19.978914 -27.272727
12.352015 20.097192 -27.272727
12.227351 20.195679 -27.272727
12.115838 20.278212 -27.272727
12.014435 20.348428 -27.272727
11.919691 20.409705 -27.272727
11.827798 20.465107 -27.272727
11.734641 20.517334 -27.272727
11.635864 20.568683 -27.272727
11.526938 20.621014 -27.272727
11.403224 20.675721 -27.272727
11.260051 20.733716 -27.272727
11.092785 20.795418 -27.272727
10.896905 20.860755 -27.272727
10.668072 20.929169 -27.272727
10.402203 20.999633 -27.272727
10.095534 21.070678 -27.272727
9.744684 21.140419 -27.272727
9.346710 21.206603 -27.272727
8.899164 21.266647 -27.272727
8.400131 21.317694 -27.272727
7.848266 21.356670 -27.272727
7.242827 21.380343 -27.272727
6.583689 21.385385 -27.272727
5.871360 21.368441 -27.272727
5.106979 21.326194 -27.272727
4.292309 21.255430 -27.272727
3.429721 21.153100 -27.272727
2.522169 21.016390 -27.272727
1.573157 20.842770 -27.272727
0.586694 20.630056 -27.272727
-0.432752 20.376453 -27.272727
-1.480310 20.080601 -27.272727
-2.550767 19.741610 -27.272727
-3.638637 19.359086 -27.272727
-4.738225 18.933153 -27.272727
-5.843705 18.464465 -27.272727
-6.949192 17.954208 -27.272727
-8.048812 17.404093 -27.272727
-9.136784 16.816346 -27.272727
-10.207486 16.193679 -27.272727
-11.255526 15.539267 -27.272727
-12.275806 14.856700 -27.272727
-13.263584 14.149946 -27.272727
-14.214528 13.423292 -27.272727
-15.124762 12.681293 -27.272727
-15.990911 11.928702 -27.272727
-16.810127 11.170409 -27.272727
-17.580120 10.411372 -27.272727
-18.299171 9.656543 -27.272727
-18.966138 8.910799 -27.272727
-19.580455 8.178873 -27.272727
-20.142122 7.465281 -27.272727
-20.651684 6.774260 -27.272727
-21.110204 6.109703 -27.272727
-21.519228 5.475103 -27.272727
-21.880742 4.873499 -27.272727
-22.197125 4.307434 -27.272727
-22.471092 3.778915 -27.272727
-22.705636 3.289382 -27.272727
-22.903967 2.839691 -27.272727
-23.069443 2.430093 -27.272727
-23.205508 2.060237 -27.272727
-23.315620 1.729175 -27.272727
-23.403188 1.435371 -27.272727
-23.471503 1.176728 -27.272727
-23.523683 0.950619 -27.272727
-23.562605 0.753925 -27.272727
-23.590861 0.583083 -27.272727
-23.610703 0.434141 -27.272727
-23.624005 0.302815 -27.272727
-23.632229 0.184555 -27.272727
-23.636395 0.074615 -27.272727
-23.637068 -0.031879 -27.272727
-23.634340 -0.139852 -27.272727
-23.627837 -0.254205 -27.272727
-23.616717 -0.379746 -27.272727
-23.599693 -0.521111 -27.272727
-23.575053 -0.682699 -27.272727
-23.540691 -0.868601 -27.272727
-23.494144 -1.082545 -27.272727
-23.432645 -1.327830 -27.272727
-23.353165 -1.607288 -27.272727
-23.252475 -1.923231 -27.272727
-23.127205 -2.277421 -27.272727
-22.973908 -2.671046 -27.272727
-22.789129 -3.104697 -27.272727
-22.569465 -3.578362 -27.272727
-22.311640 -4.091427 -27.272727
-22.012566 -4.642683 -27.272727
-21.669410 -5.230348 -27.272727
-21.279651 -5.852087 -27.272727
-20.841141 -6.505057 -27.272727
-20.352151 -7.185938 -27.272727
-19.811422 -7.890992 -27.272727
-19.218195 -8.616112 -27.272727
-18.572252 -9.356886 -27.272727
-17.873930 -10.108660 -27.272727
-17.124140 -10.866606 -27.272727
-16.324370 -11.625792 -27.272727
-15.476684 -12.381256 -27.272727
-14.583708 -13.128072 -27.272727
-13.648610 -13.861423 -27.272727
-12.675070 -14.576667 -27.272727
-11.667243 -15.269404 -27.272727
-10.629715 -15.935532 -27.272727
-9.567445 -16.571302 -27.272727
-8.485718 -17.173369 -27.272727
-7.390070 -17.738831 -27.272727
-6.286229 -18.265266 -27.272727
-5.180039 -18.750754 -27.272727
-4.077390 -19.193897 -27.272727
-2.984140 -19.593829 -27.272727
-1.906047 -19.950215 -27.272727
-0.848687 -20.263243 -27.272727
0.182609 -20.533608 -27.272727
1.182825 -20.762485 -27.272727
2.147326 -20.951501 -27.272727
3.071911 -21.102690 -27.272727
3.952871 -21.218449 -27.272727
4.787026 -21.301486 -27.272727
5.571769 -21.354762 -27.272727
6.305091 -21.381433 -27.272727
6.985601 -21.384783 -27.272727
7.612540 -21.368160 -27.272727
8.185780 -21.334911 -27.272727
8.705818 -21.288313 -27.272727
9.173760 -21.231511 -27.272727
9.591298 -21.167457 -27.272727
9.960671 -21.098849 -27.272727
10.284630 -21.028078 -27.272727
10.566388 -20.957181 -27.272727
10.809561 -20.887798 -27.272727
11.018114 -20.821137 -27.272727
11.196292 -20.757945 -27.272727
11.348551 -20.698490 -27.272727
11.479489 -20.642550 -27.272727
11.593770 -20.589409 -27.272727
11.696055 -20.537865 -27.272727
11.790926 -20.486241 -27.272727
11.882816 -20.432411 -27.272727
11.975944 -20.373833 -27.272727
12.074248 -20.307581 -27.272727
12.181328 -20.230398 -27.272727
12.300395 -20.138743 -27.272727
12.434220 -20.028852 -27.272727
12.585102 -19.896797 -27.272727
12.754828 -19.738554 -27.272727
12.944662 -19.550069 -27.272727
13.155320 -19.327332 -27.272727
13.386972 -19.066441 -27.272727
13.639244 -18.763678 -27.272727
13.911228 -18.415572 -27.272727
14.201507 -18.018967 -27.272727
14.508182 -17.571079 -27.272727
14.828910 -17.069557 -27.272727
15.160945 -16.512529 -27.272727
15.501192 -15.898647 -27.272727
15.846260 -15.227121 -27.272727
16.192523 -14.497753 -27.272727
16.536184 -13.710949 -27.272727
16.873339 -12.867735 -27.272727
17.200047 -11.969758 -27.272727
17.512397 -11.019275 -27.272727
17.806573 -10.019144 -27.272727
18.078922 -8.972792 -27.272727
18.326014 -7.884184 -27.272727
18.544703 -6.757782 -27.272727
18.732176 -5.598496 -27.272727
18.886005 -4.411628 -27.272727
19.004183 -3.202810 -27.272727
19.085163 -1.977938 -27.272727
19.127881 -0.743103 -27.272727
19.134891 -0.000000 -27.272727
19.134891 -0.000000 -27.272727
19.205638 7.499666 -27.272727
19.276385 14.999333 -27.272727
19.347132 22.498999 -27.272727
19.417878 29.998665 -27.272727
19.417878 29.998665 -27.272727
26.889302 29.975170 -27.272727
34.360725 29.951674 -27.272727
41.832148 29.928179 -27.272727
49.303572 29.904684 -27.272727

49.942142 -29.900683 -31.818182
42.470719 -29.924179 -31.818182
34.999295 -29.947674 -31.818182
27.527872 -29.971170 -31.818182
20.056449 -29.994665 -31.818182
20.056449 -29.994665 -31.818182
19.915013 -22.495999 -31.818182
19.773577 -14.997333 -31.818182
19.632142 -7.498666 -31.818182
19.490706 0.000000 -31.818182
19.490706 0.000000 -31.818182
19.462179 1.512465 -31.818182
19.395180 2.764926 -31.818182
19.289799 4.003496 -31.818182
19.147415 5.222083 -31.818182
18.969891 6.414832 -31.818182
18.759531 7.576201 -31.818182
18.519049 8.701023 -31.818182
18.251522 9.784563 -31.818182
17.960334 10.822574 -31.818182
17.649123 11.811342 -31.818182
17.321716 12.747721 -31.818182
16.982066 13.629163 -31.818182
16.634185 14.453742 -31.818182
16.282071 15.220160 -31.818182
15.929645 15.927749 -31.818182
15.580677 16.576470 -31.818182
15.238725 17.166887 -31.818182
14.907070 17.700150 -31.818182
14.588656 18.177958 -31.818182
14.286041 18.602515 -31.818182
14.001343 18.976489 -31.818182
13.736209 19.302948 -31.818182
13.491771 19.585309 -31.818182
13.268632 19.827266 -31.818182
13.066840 20.032726 -31.818182
12.885888 20.205738 -31.818182
12.724712 20.350424 -31.818182
12.581701 20.470902 -31.818182
12.454720 20.571220 -31.818182
12.341133 20.655287 -31.818182
12.237844 20.726809 -31.818182
12.141339 20.789226 -31.818182
12.047737 20.845658 -31.818182
11.952847 20.898856 -31.818182
11.852234 20.951160 -31.818182
11.741283 21.004464 -31.818182
11.615268 21.060188 -31.818182
11.469433 21.119261 -31.818182
11.299056 21.182110 -31.818182
11.099534 21.248662 -31.818182
10.866446 21.318349 -31.818182
10.595633 21.390123 -31.818182
10.283262 21.462489 -31.818182
9.925887 21.533527 -31.818182
9.520513 21.600942 -31.818182
9.064645 21.662102 -31.818182
8.556332 21.714099 -31.818182
7.994205 21.753799 -31.818182
7.377508 21.777912 -31.818182
6.706114 21.783048 -31.818182
5.980539 21.765790 -31.818182
5.201944 21.722757 -31.818182
4.372125 21.650676 -31.818182
3.493497 21.546444 -31.818182
2.569069 21.407191 -31.818182
1.602410 21.230343 -31.818182
0.597603 21.013674 -31.818182
-0.440799 20.755355 -31.818182
-1.507836 20.454002 -31.818182
-2.598199 20.108707 -31.818182
-3.706297 19.719070 -31.818182
-4.826333 19.285217 -31.818182
-5.952370 18.807814 -31.818182
-7.078412 18.288068 -31.818182
-8.198480 17.727724 -31.818182
-9.306684 17.129047 -31.818182
-10.397296 16.494802 -31.818182
-11.464824 15.828221 -31.818182
-12.504076 15.132962 -31.818182
-13.510222 14.413065 -31.818182
-14.478849 13.672900 -31.818182
-15.406009 12.917103 -31.818182
-16.288263 12.150517 -31.818182
-17.122713 11.378124 -31.818182
-17.907024 10.604973 -31.818182
-18.639446 9.836107 -31.818182
-19.318815 9.076496 -31.818182
-19.944556 8.330960 -31.818182
-20.516667 7.604099 -31.818182
-21.035704 6.900228 -31.818182
-21.502750 6.223314 -31.818182
-21.919380 5.576913 -31.818182
-22.287617 4.964122 -31.818182
-22.609883 4.387531 -31.818182
-22.888944 3.849184 -31.818182
-23.127850 3.350549 -31.818182
-23.329869 2.892495 -31.818182
-23.498422 2.475280 -31.818182
-23.637017 2.098548 -31.818182
-23.749176 1.761330 -31.818182
-23.838372 1.462062 -31.818182
-23.907958 1.198610 -31.818182
-23.961108 0.968296 -31.818182
-24.000754 0.767944 -31.818182
-24.029535 0.593925 -31.818182
-24.049746 0.442214 -31.818182
-24.063296 0.308446 -31.818182
-24.071672 0.187987 -31.818182
-24.075916 0.076002 -31.818182
-24.076601 -0.032472 -31.818182
-24.073823 -0.142452 -31.818182
-24.067198 -0.258932 -31.818182
-24.055872 -0.386808 -31.818182
-24.038532 -0.530801 -31.818182
-24.013434 -0.695394 -31.818182
-23.978432 -0.884753 -31.818182
-23.931020 -1.102675 -31.818182
-23.868377 -1.352522 -31.818182
-23.787419 -1.637176 -31.818182
-23.684857 -1.958993 -31.818182
-23.557257 -2.319770 -31.818182
-23.401110 -2.720715 -31.818182
-23.212895 -3.162429 -31.818182
-22.989146 -3.644902 -31.818182
-22.726527 -4.167508 -31.818182
-22.421892 -4.729015 -31.818182
-22.072354 -5.327606 -31.818182
-21.675348 -5.960907 -31.818182
-21.228684 -6.626019 -31.818182
-20.730602 -7.319561 -31.818182
-20.179817 -8.037726 -31.818182
-19.575560 -8.776330 -31.818182
-18.917605 -9.530878 -31.818182
-18.206298 -10.296631 -31.818182
-17.442565 -11.068671 -31.818182
-16.627923 -11.841975 -31.818182
-15.764474 -12.611487 -31.818182
-14.854893 -13.372190 -31.818182
-13.902407 -14.119177 -31.818182
-12.910764 -14.847722 -31.818182
-11.884197 -15.553340 -31.818182
-10.827375 -16.231854 -31.818182
-9.745353 -16.879447 -31.818182
-8.643511 -17.492709 -31.818182
-7.527489 -18.068687 -31.818182
-6.403122 -18.604911 -31.818182
-5.276363 -19.099426 -31.818182
-4.153209 -19.550809 -31.818182
-3.039631 -19.958178 -31.818182
-1.941490 -20.321191 -31.818182
-0.864468 -20.640040 -31.818182
0.186005 -20.915432 -31.818182
1.204820 -21.148566 -31.818182
2.187255 -21.341097 -31.818182
3.129034 -21.495097 -31.818182
4.026375 -21.613008 -31.818182
4.876041 -21.697589 -31.818182
5.675377 -21.751856 -31.818182
6.422335 -21.779023 -31.818182
7.115499 -21.782435 -31.818182
7.754096 -21.765503 -31.818182
8.337995 -21.731636 -31.818182
8.867703 -21.684171 -31.818182
9.344347 -21.626313 -31.818182
9.769649 -21.561068 -31.818182
10.145890 -21.491184 -31.818182
10.475874 -21.419097 -31.818182
10.762871 -21.346882 -31.818182
11.010566 -21.276209 -31.818182
11.222997 -21.208308 -31.818182
11.404488 -21.143940 -31.818182
11.559579 -21.083380 -31.818182
11.692951 -21.026400 -31.818182
11.809357 -20.972271 -31.818182
11.913544 -20.919768 -31.818182
12.010179 -20.867184 -31.818182
12.103778 -20.812354 -31.818182
12.198638 -20.752686 -31.818182
12.298770 -20.685202 -31.818182
12.407841 -20.606584 -31.818182
12.529122 -20.513225 -31.818182
12.665436 -20.401291 -31.818182
12.819123 -20.266780 -31.818182
12.992006 -20.105594 -31.818182
13.185369 -19.913605 -31.818182
13.399944 -19.686725 -31.818182
13.635904 -19.420983 -31.818182
13.892867 -19.112590 -31.818182
14.169908 -18.758011 -31.818182
14.465585 -18.354031 -31.818182
14.777963 -17.897815 -31.818182
15.104655 -17.386967 -31.818182
15.442864 -16.819581 -31.818182
15.789438 -16.194283 -31.818182
16.140923 -15.510271 -31.818182
16.493625 -14.767340 -31.818182
16.843676 -13.965905 -31.818182
17.187101 -13.107012 -31.818182
17.519884 -12.192337 -31.818182
17.838042 -11.224180 -31.818182
18.137688 -10.205451 -31.818182
18.415101 -9.139642 -31.818182
18.666788 -8.030791 -31.818182
18.889544 -6.883444 -31.818182
19.080503 -5.702601 -31.818182
19.237192 -4.493663 -31.818182
19.357567 -3.262367 -31.818182
19.440053 -2.014718 -31.818182
19.483566 -0.756921 -31.818182
19.490706 -0.000000 -31.818182
19.490706 -0.000000 -31.818182
19.561453 7.499666 -31.818182
19.632200 14.999333 -31.818182
19.702947 22.498999 -31.818182
19.773694 29.998665 -31.818182
19.773694 29.998665 -31.818182
27.245117 29.975170 -31.818182
34.716540 29.951674 -31.818182
42.187963 29.928179 -31.818182
49.659387 29.904684 -31.818182

50.297957 -29.900683 -36.363636
42.826534 -29.924179 -36.363636
35.355110 -29.947674 -36.363636
27.883687 -29.971170 -36.363636
20.412264 -29.994665 -36.363636
20.412264 -29.994665 -36.363636
20.270828 -22.495999 -36.363636
20.129392 -14.997333 -36.363636
19.987957 -7.498666 -36.363636
19.846521 0.000000 -36.363636
19.846521 0.000000 -36.363636
19.817473 1.540076 -36.363636
19.749252 2.815401 -36.363636
19.641946 4.076583 -36.363636
19.496964 5.317415 -36.363636
19.316198 6.531939 -36.363636
19.101998 7.714509 -36.363636
18.857126 8.859866 -36.363636
18.584715 9.963186 -36.363636
18.288211 11.020147 -36.363636
17.971319 12.026966 -36.363636
17.637934 12.980438 -36.363636
17.292084 13.877972 -36.363636
16.937852 14.717604 -36.363636
16.579310 15.498013 -36.363636
16.220451 16.218520 -36.363636
15.865112 16.879084 -36.363636
15.516918 17.480279 -36.363636
15.179208 18.023278 -36.363636
14.854981 18.509808 -36.363636
14.546841 18.942116 -36.363636
14.256947 19.322917 -36.363636
13.986972 19.655336 -36.363636
13.738072 19.942851 -36.363636
13.510859 20.189225 -36.363636
13.305383 20.398436 -36.363636
13.121128 20.574607 -36.363636
12.957010 20.721934 -36.363636
12.811388 20.844611 -36.363636
12.682089 20.946760 -36.363636
12.566428 21.032363 -36.363636
12.461254 21.105190 -36.363636
12.362987 21.168746 -36.363636
12.267676 21.226208 -36.363636
12.171054 21.280378 -36.363636
12.068604 21.333637 -36.363636
11.955627 21.387914 -36.363636
11.827312 21.444655 -36.363636
11.678814 21.504806 -36.363636
11.505328 21.568803 -36.363636
11.302163 21.636570 -36.363636
11.064820 21.707528 -36.363636
10.789063 21.780614 -36.363636
10.470989 21.854300 -36.363636
10.107090 21.926635 -36.363636
9.694316 21.995280 -36.363636
9.230126 22.057557 -36.363636
8.712533 22.110503 -36.363636
8.140144 22.150929 -36.363636
7.512189 22.175482 -36.363636
6.828538 22.180711 -36.363636
6.089717 22.163138 -36.363636
5.296909 22.119320 -36.363636
4.451940 22.045923 -36.363636
3.557273 21.939788 -36.363636
2.615969 21.797993 -36.363636
1.631663 21.617917 -36.363636
0.608513 21.397292 -36.363636
-0.448846 21.134257 -36.363636
-1.535363 20.827403 -36.363636
-2.645631 20.475804 -36.363636
-3.773958 20.079054 -36.363636
-4.914441 19.637281 -36.363636
-6.061034 19.151162 -36.363636
-7.207633 18.621928 -36.363636
-8.348149 18.051355 -36.363636
-9.476583 17.441749 -36.363636
-10.587105 16.795925 -36.363636
-11.674121 16.117175 -36.363636
-12.732346 15.409224 -36.363636
-13.756860 14.676185 -36.363636
-14.743169 13.922507 -36.363636
-15.687255 13.152913 -36.363636
-16.585616 12.372333 -36.363636
-17.435298 11.585839 -36.363636
-18.233928 10.798573 -36.363636
-18.979721 10.015672 -36.363636
-19.671492 9.242194 -36.363636
-20.308656 8.483047 -36.363636
-20.891212 7.742916 -36.363636
-21.419724 7.026196 -36.363636
-21.895296 6.336924 -36.363636
-22.319532 5.678723 -36.363636
-22.694491 5.054745 -36.363636
-23.022641 4.467628 -36.363636
-23.306796 3.919453 -36.363636
-23.550063 3.411715 -36.363636
-23.755770 2.945299 -36.363636
-23.927400 2.520468 -36.363636
-24.068526 2.136858 -36.363636
-24.182733 1.793484 -36.363636
-24.273557 1.488753 -36.363636
-24.344413 1.220491 -36.363636
-24.398533 0.985973 -36.363636
-24.438903 0.781963 -36.363636
-24.468210 0.604768 -36.363636
-24.488789 0.450287 -36.363636
-24.502586 0.314077 -36.363636
-24.511116 0.191419 -36.363636
-24.515437 0.077390 -36.363636
-24.516135 -0.033065 -36.363636
-24.513306 -0.145053 -36.363636
-24.506560 -0.263659 -36.363636
-24.495027 -0.393869 -36.363636
-24.477371 -0.540491 -36.363636
-24.451814 -0.708089 -36.363636
-24.416173 -0.900905 -36.363636
-24.367896 -1.122805 -36.363636
-24.304110 -1.377213 -36.363636
-24.221674 -1.667063 -36.363636
-24.117239 -1.994756 -36.363636
-23.987310 -2.362119 -36.363636
-23.828313 -2.770383 -36.363636
-23.636661 -3.220161 -36.363636
-23.408828 -3.711442 -36.363636
-23.141414 -4.243588 -36.363636
-22.831218 -4.815346 -36.363636
-22.475299 -5.424865 -36.363636
-22.071045 -6.069728 -36.363636
-21.616227 -6.746981 -36.363636
-21.109052 -7.453184 -36.363636
-20.548212 -8.184459 -36.363636
-19.932924 -8.936547 -36.363636
-19.262958 -9.704871 -36.363636
-18.538665 -10.484603 -36.363636
-17.760990 -11.270737 -36.363636
-16.931476 -12.058158 -36.363636
-16.052264 -12.841717 -36.363636
-15.126078 -13.616307 -36.363636
-14.156204 -14.376932 -36.363636
-13.146458 -15.118776 -36.363636
-12.101151 -15.837276 -36.363636
-11.025036 -16.528177 -36.363636
-9.923261 -17.187591 -36.363636
-8.801303 -17.812050 -36.363636
-7.664908 -18.398542 -36.363636
-6.520015 -18.944555 -36.363636
-5.372686 -19.448098 -36.363636
-4.229029 -19.907722 -36.363636
-3.095121 -20.322527 -36.363636
-1.976933 -20.692167 -36.363636
-0.880249 -21.016837 -36.363636
0.189400 -21.297256 -36.363636
1.226815 -21.534646 -36.363636
2.227185 -21.730692 -36.363636
3.186156 -21.887503 -36.363636
4.099879 -22.007567 -36.363636
4.965057 -22.093692 -36.363636
5.778984 -22.148950 -36.363636
6.539579 -22.176613 -36.363636
7.245397 -22.180087 -36.363636
7.895652 -22.162846 -36.363636
8.490211 -22.128361 -36.363636
9.029589 -22.080029 -36.363636
9.514934 -22.021115 -36.363636
9.948000 -21.954679 -36.363636
10.331110 -21.883519 -36.363636
10.667118 -21.810116 -36.363636
10.959354 -21.736583 -36.363636
11.211571 -21.664619 -36.363636
11.427880 -21.595479 -36.363636
11.612684 -21.529936 -36.363636
11.770606 -21.468271 -36.363636
11.906413 -21.410250 -36.363636
12.024945 -21.355133 -36.363636
12.131034 -21.301672 -36.363636
12.229432 -21.248128 -36.363636
12.324740 -21.192297 -36.363636
12.421332 -21.131539 -36.363636
12.523291 -21.062824 -36.363636
12.634354 -20.982770 -36.363636
12.757849 -20.887707 -36.363636
12.896652 -20.773729 -36.363636
13.053144 -20.636763 -36.363636
13.229183 -20.472635 -36.363636
13.426076 -20.277140 -36.363636
13.644569 -20.046119 -36.363636
13.884836 -19.775525 -36.363636
14.146490 -19.461503 -36.363636
14.428589 -19.100451 -36.363636
14.729664 -18.689096 -36.363636
15.047744 -18.224551 -36.363636
15.380400 -17.704378 -36.363636
15.724783 -17.126633 -36.363636
16.077684 -16.489920 -36.363636
16.435586 -15.793421 -36.363636
16.794726 -15.036927 -36.363636
17.151168 -14.220862 -36.363636
17.500862 -13.346289 -36.363636
17.839721 -12.414915 -36.363636
18.163686 -11.429084 -36.363636
18.468803 -10.391758 -36.363636
18.751280 -9.306492 -36.363636
19.007562 -8.177398 -36.363636
19.234384 -7.009105 -36.363636
19.428830 -5.806705 -36.363636
19.588379 -4.575697 -36.363636
19.710952 -3.321923 -36.363636
19.794944 -2.051498 -36.363636
19.839250 -0.770739 -36.363636
19.846521 -0.000000 -36.363636
19.846521 -0.000000 -36.363636
19.917268 7.499666 -36.363636
19.988015 14.999333 -36.363636
20.058762 22.498999 -36.363636
20.129509 29.998665 -36.363636
20.129509 29.998665 -36.363636
27.600932 29.975170 -36.363636
35.072355 29.951674 -36.363636
42.543779 29.928179 -36.363636
50.015202 29.904684 -36.363636

50.653772 -29.900683 -40.909091
43.182349 -29.924179 -40.909091
35.710926 -29.947674 -40.909091
28.239502 -29.971170 -40.909091
20.768079 -29.994665 -40.909091
20.768079 -29.994665 -40.909091
20.626643 -22.495999 -40.909091
20.485208 -14.997333 -40.909091
20.343772 -7.498666 -40.909091
20.202336 0.000000 -40.909091
20.202336 0.000000 -40.909091
20.172767 1.567687 -40.909091
20.103323 2.865877 -40.909091
19.994093 4.149669 -40.909091
19.846512 5.412747 -40.909091
19.662505 6.649045 -40.909091
19.444465 7.852818 -40.909091
19.195203 9.018708 -40.909091
18.917908 10.141810 -40.909091
18.616089 11.217720 -40.909091
18.293514 12.242589 -40.909091
17.954153 13.213156 -40.909091
17.602103 14.126781 -40.909091
17.241520 14.981467 -40.909091
16.876550 15.775867 -40.909091
16.511256 16.509292 -40.909091
16.149547 17.181697 -40.909091
15.795111 17.793672 -40.909091
15.451346 18.346405 -40.909091
15.121307 18.841658 -40.909091
14.807642 19.281717 -40.909091
14.512550 19.669344 -40.909091
14.237735 20.007723 -40.909091
13.984373 20.300393 -40.909091
13.753086 20.551184 -40.909091
13.543927 20.764146 -40.909091
13.356368 20.943475 -40.909091
13.189307 21.093444 -40.909091
13.041075 21.218320 -40.909091
12.909458 21.322301 -40.909091
12.791723 21.409438 -40.909091
12.684663 21.483571 -40.909091
12.584635 21.548267 -40.909091
12.487615 21.606759 -40.909091
12.389261 21.661899 -40.909091
12.284975 21.716113 -40.909091
12.169972 21.771364 -40.909091
12.039356 21.829122 -40.909091
11.888196 21.890352 -40.909091
11.711599 21.955496 -40.909091
11.504792 22.024478 -40.909091
11.263194 22.096708 -40.909091
10.982493 22.171104 -40.909091
10.658716 22.246111 -40.909091
10.288294 22.319744 -40.909091
9.868119 22.389619 -40.909091
9.395607 22.453013 -40.909091
8.868734 22.506908 -40.909091
8.286084 22.548058 -40.909091
7.646870 22.573051 -40.909091
6.950962 22.578375 -40.909091
6.198896 22.560486 -40.909091
5.391873 22.515882 -40.909091
4.531756 22.441170 -40.909091
3.621049 22.333132 -40.909091
2.662869 22.188795 -40.909091
1.660916 22.005490 -40.909091
0.619423 21.780909 -40.909091
-0.456893 21.513159 -40.909091
-1.562889 21.200803 -40.909091
-2.693062 20.842901 -40.909091
-3.841619 20.439038 -40.909091
-5.002548 19.989344 -40.909091
-6.169698 19.494511 -40.909091
-7.336854 18.955788 -40.909091
-8.497817 18.374985 -40.909091
-9.646482 17.754450 -40.909091
-10.776914 17.097048 -40.909091
-11.883419 16.406129 -40.909091
-12.960616 15.685485 -40.909091
-14.003497 14.939305 -40.909091
-15.007490 14.172115 -40.909091
-15.968502 13.388723 -40.909091
-16.882968 12.594148 -40.909091
-17.747884 11.793554 -40.909091
-18.560832 10.992173 -40.909091
-19.319995 10.195236 -40.909091
-20.024169 9.407891 -40.909091
-20.672757 8.635134 -40.909091
-21.265756 7.881734 -40.909091
-21.803744 7.152164 -40.909091
-22.287843 6.450535 -40.909091
-22.719684 5.780533 -40.909091
-23.101366 5.145368 -40.909091
-23.435398 4.547725 -40.909091
-23.724648 3.989723 -40.909091
-23.972277 3.472882 -40.909091
-24.181671 2.998103 -40.909091
-24.356379 2.565656 -40.909091
-24.500034 2.175168 -40.909091
-24.616289 1.825638 -40.909091
-24.708741 1.515444 -40.909091
-24.780868 1.242372 -40.909091
-24.835958 1.003649 -40.909091
-24.877052 0.795982 -40.909091
-24.906884 0.615610 -40.909091
-24.927833 0.458360 -40.909091
-24.941877 0.319708 -40.909091
-24.950559 0.194851 -40.909091
-24.954958 0.078777 -40.909091
-24.955668 -0.033658 -40.909091
-24.952789 -0.147653 -40.909091
-24.945922 -0.268386 -40.909091
-24.934182 -0.400930 -40.909091
-24.916209 -0.550182 -40.909091
-24.890195 -0.720783 -40.909091
-24.853915 -0.917057 -40.909091
-24.804772 -1.142935 -40.909091
-24.739842 -1.401904 -40.909091
-24.655928 -1.696951 -40.909091
-24.549621 -2.030519 -40.909091
-24.417362 -2.404468 -40.909091
-24.255515 -2.820051 -40.909091
-24.060427 -3.277893 -40.909091
-23.828509 -3.777982 -40.909091
-23.556301 -4.319669 -40.909091
-23.240543 -4.901677 -40.909091
-22.878244 -5.522124 -40.909091
-22.466743 -6.178548 -40.909091
-22.003770 -6.867943 -40.909091
-21.487502 -7.586808 -40.909091
-20.916607 -8.331193 -40.909091
-20.290288 -9.096764 -40.909091
-19.608311 -9.878863 -40.909091
-18.871033 -10.672574 -40.909091
-18.079415 -11.472802 -40.909091
-17.235029 -12.274340 -40.909091
-16.340055 -13.071948 -40.909091
-15.397264 -13.860425 -40.909091
-14.410001 -14.634686 -40.909091
-13.382152 -15.389831 -40.909091
-12.318104 -16.121212 -40.909091
-11.222696 -16.824500 -40.909091
-10.101168 -17.495736 -40.909091
-8.959096 -18.131390 -40.909091
-7.802327 -18.728397 -40.909091
-6.636908 -19.284199 -40.909091
-5.469009 -19.796770 -40.909091
-4.304848 -20.264634 -40.909091
-3.150612 -20.686877 -40.909091
-2.012376 -21.063144 -40.909091
-0.896031 -21.393634 -40.909091
0.192796 -21.679081 -40.909091
1.248809 -21.920727 -40.909091
2.267115 -22.120287 -40.909091
3.243279 -22.279910 -40.909091
4.173383 -22.402126 -40.909091
5.054072 -22.489795 -40.909091
5.882592 -22.546044 -40.909091
6.656822 -22.574202 -40.909091
7.375295 -22.577739 -40.909091
8.037208 -22.560189 -40.909091
8.642426 -22.525085 -40.909091
9.191474 -22.475888 -40.909091
9.685521 -22.415917 -40.909091
10.126351 -22.348290 -40.909091
10.516330 -22.275854 -40.909091
10.858361 -22.201135 -40.909091
11.155837 -22.126284 -40.909091
11.412576 -22.053030 -40.909091
11.632763 -21.982650 -40.909091
11.820881 -21.915932 -40.909091
11.981633 -21.853161 -40.909091
12.119875 -21.794101 -40.909091
12.240532 -21.737995 -40.909091
12.348523 -21.683576 -40.909091
12.448686 -21.629071 -40.909091
12.545702 -21.572239 -40.909091
12.644025 -21.510393 -40.909091
12.747813 -21.440445 -40.909091
12.860867 -21.358957 -40.909091
12.986576 -21.262189 -40.909091
13.127867 -21.146168 -40.909091
13.287165 -21.006746 -40.909091
13.466360 -20.839675 -40.909091
13.666784 -20.640676 -40.909091
13.889193 -20.405512 -40.909091
14.133768 -20.130068 -40.909091
14.400113 -19.810415 -40.909091
14.687270 -19.442890 -40.909091
14.993742 -19.024160 -40.909091
15.317525 -18.551287 -40.909091
15.656145 -18.021788 -40.909091
16.006703 -17.433685 -40.909091
16.365930 -16.785557 -40.909091
16.730248 -16.076571 -40.909091
17.095828 -15.306514 -40.909091
17.458660 -14.475818 -40.909091
17.814623 -13.585566 -40.909091
18.159557 -12.637494 -40.909091
18.489331 -11.633989 -40.909091
18.799917 -10.578065 -40.909091
19.087459 -9.473342 -40.909091
19.348336 -8.324005 -40.909091
19.579225 -7.134767 -40.909091
19.777156 -5.910810 -40.909091
19.939566 -4.657732 -40.909091
20.064337 -3.381480 -40.909091
20.149834 -2.088278 -40.909091
20.194935 -0.784557 -40.909091
20.202336 -0.000000 -40.909091
20.202336 -0.000000 -40.909091
20.273083 7.499666 -40.909091
20.343830 14.999333 -40.909091
20.414577 22.498999 -40.909091
20.485324 29.998665 -40.909091
20.485324 29.998665 -40.909091
27.956747 29.975170 -40.909091
35.428170 29.951674 -40.909091
42.899594 29.928179 -40.909091
50.371017 29.904684 -40.909091

51.009587 -29.900683 -45.454545
43.538164 -29.924179 -45.454545
36.066741 -29.947674 -45.454545
28.595317 -29.971170 -45.454545
21.123894 -29.994665 -45.454545
21.123894 -29.994665 -45.454545
20.982458 -22.495999 -45.454545
20.841023 -14.997333 -45.454545
20.699587 -7.498666 -45.454545
20.558151 0.000000 -45.454545
20.558151 0.000000 -45.454545
20.528062 1.595298 -45.454545
20.457394 2.916352 -45.454545
20.346241 4.222755 -45.454545
20.196060 5.508080 -45.454545
20.008813 6.766152 -45.454545
19.786932 7.991126 -45.454545
19.533280 9.177551 -45.454545
19.251101 10.320433 -45.454545
18.943966 11.415293 -45.454545
18.615710 12.458213 -45.454545
18.270372 13.445874 -45.454545
17.912121 14.375590 -45.454545
17.545187 15.245329 -45.454545
17.173789 16.053721 -45.454545
16.802062 16.800063 -45.454545
16.433982 17.484311 -45.454545
16.073303 18.107064 -45.454545
15.723484 18.669532 -45.454545
15.387632 19.173508 -45.454545
15.068443 19.621317 -45.454545
14.768153 20.015772 -45.454545
14.488498 20.360111 -45.454545
14.230674 20.657935 -45.454545
13.995313 20.913143 -45.454545
13.782470 21.129856 -45.454545
13.591608 21.312344 -45.454545
13.421605 21.464953 -45.454545
13.270762 21.592029 -45.454545
13.136826 21.697842 -45.454545
13.017019 21.786513 -45.454545
12.908073 21.861952 -45.454545
12.806282 21.927787 -45.454545
12.707554 21.987310 -45.454545
12.607468 22.043421 -45.454545
12.501345 22.098590 -45.454545
12.384316 22.154813 -45.454545
12.251400 22.213589 -45.454545
12.097578 22.275897 -45.454545
11.917871 22.342189 -45.454545
11.707421 22.412386 -45.454545
11.461568 22.485888 -45.454545
11.175923 22.561594 -45.454545
10.846444 22.637923 -45.454545
10.469497 22.712852 -45.454545
10.041922 22.783958 -45.454545
9.561088 22.848468 -45.454545
9.024936 22.903312 -45.454545
8.432023 22.945187 -45.454545
7.781551 22.970621 -45.454545
7.073387 22.976038 -45.454545
6.308074 22.957834 -45.454545
5.486838 22.912445 -45.454545
4.611572 22.836417 -45.454545
3.684825 22.726476 -45.454545
2.709769 22.579597 -45.454545
1.690169 22.393063 -45.454545
0.630332 22.164527 -45.454545
-0.464940 21.892061 -45.454545
-1.590416 21.574204 -45.454545
-2.740494 21.209999 -45.454545
-3.909280 20.799022 -45.454545
-5.090656 20.341408 -45.454545
-6.278363 19.837859 -45.454545
-7.466075 19.289649 -45.454545
-8.647486 18.698616 -45.454545
-9.816382 18.067152 -45.454545
-10.966723 17.398171 -45.454545
-12.092717 16.695083 -45.454545
-13.188885 15.961747 -45.454545
-14.250135 15.202424 -45.454545
-15.271810 14.421722 -45.454545
-16.249748 13.624532 -45.454545
-17.180321 12.815963 -45.454545
-18.060470 12.001269 -45.454545
-18.887736 11.185774 -45.454545
-19.660270 10.374800 -45.454545
-20.376847 9.573588 -45.454545
-21.036857 8.787221 -45.454545
-21.640301 8.020552 -45.454545
-22.187764 7.278132 -45.454545
-22.680389 6.564145 -45.454545
-23.119836 5.882343 -45.454545
-23.508240 5.235991 -45.454545
-23.848156 4.627822 -45.454545
-24.142501 4.059992 -45.454545
-24.394490 3.534048 -45.454545
-24.607573 3.050908 -45.454545
-24.785357 2.610844 -45.454545
-24.931543 2.213479 -45.454545
-25.049845 1.857792 -45.454545
-25.143926 1.542135 -45.454545
-25.217323 1.264254 -45.454545
-25.273383 1.021326 -45.454545
-25.315201 0.810002 -45.454545
-25.345558 0.626453 -45.454545
-25.366876 0.466432 -45.454545
-25.381168 0.325338 -45.454545
-25.390003 0.198283 -45.454545
-25.394479 0.080165 -45.454545
-25.395202 -0.034250 -45.454545
-25.392271 -0.150254 -45.454545
-25.385284 -0.273113 -45.454545
-25.373337 -0.407992 -45.454545
-25.355048 -0.559872 -45.454545
-25.328575 -0.733478 -45.454545
-25.291656 -0.933208 -45.454545
-25.241648 -1.163065 -45.454545
-25.175574 -1.426595 -45.454545
-25.090182 -1.726839 -45.454545
-24.982003 -2.066281 -45.454545
-24.847415 -2.446817 -45.454545
-24.682717 -2.869720 -45.454545
-24.484193 -3.335626 -45.454545
-24.248190 -3.844522 -45.454545
-23.971188 -4.395749 -45.454545
-23.649869 -4.988008 -45.454545
-23.281189 -5.619383 -45.454545
-22.862440 -6.287368 -45.454545
-22.391313 -6.988905 -45.454545
-21.865952 -7.720431 -45.454545
-21.285003 -8.477927 -45.454545
-20.647652 -9.256982 -45.454545
-19.953664 -10.052855 -45.454545
-19.203400 -10.860546 -45.454545
-18.397840 -11.674868 -45.454545
-17.538583 -12.490523 -45.454545
-16.627845 -13.302179 -45.454545
-15.668449 -14.104543 -45.454545
-14.663799 -14.892441 -45.454545
-13.617847 -15.660885 -45.454545
-12.535058 -16.405148 -45.454545
-11.420357 -17.120823 -45.454545
-10.279076 -17.803881 -45.454545
-9.116889 -18.450730 -45.454545
-7.939746 -19.058252 -45.454545
-6.753801 -19.623844 -45.454545
-5.565333 -20.145442 -45.454545
-4.380668 -20.621547 -45.454545
-3.206102 -21.051226 -45.454545
-2.047819 -21.434120 -45.454545
-0.911812 -21.770431 -45.454545
0.196191 -22.060905 -45.454545
1.270804 -22.306807 -45.454545
2.307045 -22.509882 -45.454545
3.300401 -22.672317 -45.454545
4.246887 -22.796685 -45.454545
5.143087 -22.885898 -45.454545
5.986200 -22.943137 -45.454545
6.774066 -22.971792 -45.454545
7.505193 -22.975391 -45.454545
8.178764 -22.957532 -45.454545
8.794641 -22.921810 -45.454545
9.353360 -22.871746 -45.454545
9.856108 -22.810719 -45.454545
10.304702 -22.741901 -45.454545
10.701549 -22.668190 -45.454545
11.049605 -22.592155 -45.454545
11.352320 -22.515984 -45.454545
11.613580 -22.441441 -45.454545
11.837646 -22.369821 -45.454545
12.029077 -22.301928 -45.454545
12.192661 -22.238051 -45.454545
12.333337 -22.177951 -45.454545
12.456119 -22.120858 -45.454545
12.566012 -22.065479 -45.454545
12.667939 -22.010015 -45.454545
12.766664 -21.952182 -45.454545
12.866719 -21.889246 -45.454545
12.972335 -21.818067 -45.454545
13.087380 -21.735143 -45.454545
13.215303 -21.636671 -45.454545
13.359083 -21.518606 -45.454545
13.521186 -21.376729 -45.454545
13.703537 -21.206715 -45.454545
13.907491 -21.004211 -45.454545
14.133818 -20.764906 -45.454545
14.382700 -20.484610 -45.454545
14.653736 -20.159327 -45.454545
14.945950 -19.785329 -45.454545
15.257820 -19.359224 -45.454545
15.587306 -18.878023 -45.454545
15.931890 -18.339198 -45.454545
16.288622 -17.740737 -45.454545
16.654176 -17.081194 -45.454545
17.024911 -16.359720 -45.454545
17.396930 -15.576101 -45.454545
17.766152 -14.730775 -45.454545
18.128385 -13.824842 -45.454545
18.479394 -12.860073 -45.454545
18.814976 -11.838893 -45.454545
19.131032 -10.764372 -45.454545
19.423639 -9.640192 -45.454545
19.689110 -8.470612 -45.454545
19.924065 -7.260428 -45.454545
20.125483 -6.014914 -45.454545
20.290753 -4.739767 -45.454545
20.417721 -3.441036 -45.454545
20.504725 -2.125058 -45.454545
20.550620 -0.798375 -45.454545
20.558151 -0.000000 -45.454545
20.558151 -0.000000 -45.454545
20.628898 7.499666 -45.454545
20.699645 14.999333 -45.454545
20.770392 22.498999 -45.454545
20.841139 29.998665 -45.454545
20.841139 29.998665 -45.454545
28.312562 29.975170 -45.454545
35.783986 29.951674 -45.454545
43.255409 29.928179 -45.454545
50.726832 29.904684 -45.454545

51.365402 -29.900683 -50.000000
43.893979 -29.924179 -50.000000
36.422556 -29.947674 -50.000000
28.951133 -29.971170 -50.000000
21.479709 -29.994665 -50.000000
21.479709 -29.994665 -50.000000
21.338274 -22.495999 -50.000000
21.196838 -14.997333 -50.000000
21.055402 -7.498666 -50.000000
20.913967 0.000000 -50.000000
20.913967 0.000000 -50.000000
20.883356 1.622909 -50.000000
20.811465 2.966828 -50.000000
20.698388 4.295842 -50.000000
20.545608 5.603412 -50.000000
20.355120 6.883259 -50.000000
20.129399 8.129434 -50.000000
19.871357 9.336393 -50.000000
19.584294 10.499056 -50.000000
19.271843 11.612866 -50.000000
18.937906 12.673836 -50.000000
18.586591 13.678591 -50.000000
18.222139 14.624399 -50.000000
17.848855 15.509191 -50.000000
17.471029 16.331574 -50.000000
17.092868 17.090834 -50.000000
16.718418 17.786925 -50.000000
16.351496 18.420456 -50.000000
15.995622 18.992660 -50.000000
15.653957 19.505358 -50.000000
15.329243 19.960918 -50.000000
15.023757 20.362200 -50.000000
14.739261 20.712498 -50.000000
14.476974 21.015478 -50.000000
14.237541 21.275103 -50.000000
14.021014 21.495566 -50.000000
13.826848 21.681212 -50.000000
13.653903 21.836463 -50.000000
13.500449 21.965739 -50.000000
13.364195 22.073382 -50.000000
13.242314 22.163589 -50.000000
13.131482 22.240333 -50.000000
13.027930 22.307308 -50.000000
12.927493 22.367860 -50.000000
12.825674 22.424943 -50.000000
12.717715 22.481067 -50.000000
12.598661 22.538263 -50.000000
12.463444 22.598056 -50.000000
12.306960 22.661443 -50.000000
12.124142 22.728882 -50.000000
11.910050 22.800293 -50.000000
11.659941 22.875068 -50.000000
11.369353 22.952084 -50.000000
11.034171 23.029734 -50.000000
10.650700 23.105960 -50.000000
10.215725 23.178297 -50.000000
9.726569 23.243923 -50.000000
9.181137 23.299717 -50.000000
8.577962 23.342317 -50.000000
7.916232 23.368190 -50.000000
7.195811 23.373701 -50.000000
6.417253 23.355182 -50.000000
5.581803 23.309008 -50.000000
4.691388 23.231663 -50.000000
3.748601 23.119820 -50.000000
2.756669 22.970399 -50.000000
1.719422 22.780637 -50.000000
0.641242 22.548145 -50.000000
-0.472987 22.270964 -50.000000
-1.617942 21.947605 -50.000000
-2.787926 21.577096 -50.000000
-3.976941 21.159006 -50.000000
-5.178764 20.693472 -50.000000
-6.387027 20.181208 -50.000000
-7.595296 19.623509 -50.000000
-8.797154 19.022247 -50.000000
-9.986281 18.379853 -50.000000
-11.156532 17.699294 -50.000000
-12.302014 16.984037 -50.000000
-13.417155 16.238009 -50.000000
-14.496772 15.465544 -50.000000
-15.536131 14.671330 -50.000000
-16.530994 13.860342 -50.000000
-17.477673 13.037779 -50.000000
-18.373056 12.208984 -50.000000
-19.214640 11.379374 -50.000000
-20.000545 10.554365 -50.000000
-20.729524 9.739285 -50.000000
-21.400958 8.939308 -50.000000
-22.014846 8.159369 -50.000000
-22.571784 7.404100 -50.000000
-23.072935 6.677756 -50.000000
-23.519988 5.984153 -50.000000
-23.915115 5.326615 -50.000000
-24.260914 4.707920 -50.000000
-24.560353 4.130261 -50.000000
-24.816704 3.595214 -50.000000
-25.033474 3.103712 -50.000000
-25.214336 2.656032 -50.000000
-25.363051 2.251789 -50.000000
-25.483401 1.889946 -50.000000
-25.579110 1.568826 -50.000000
-25.653778 1.286135 -50.000000
-25.710809 1.039003 -50.000000
-25.753350 0.824021 -50.000000
-25.784233 0.637295 -50.000000
-25.805919 0.474505 -50.000000
-25.820458 0.330969 -50.000000
-25.829446 0.201714 -50.000000
-25.834000 0.081552 -50.000000
-25.834735 -0.034843 -50.000000
-25.831754 -0.152854 -50.000000
-25.824646 -0.277840 -50.000000
-25.812493 -0.415053 -50.000000
-25.793886 -0.569562 -50.000000
-25.766955 -0.746173 -50.000000
-25.729398 -0.949360 -50.000000
-25.678524 -1.183195 -50.000000
-25.611307 -1.451286 -50.000000
-25.524437 -1.756726 -50.000000
-25.414385 -2.102044 -50.000000
-25.277468 -2.489166 -50.000000
-25.109919 -2.919388 -50.000000
-24.907959 -3.393358 -50.000000
-24.667872 -3.911062 -50.000000
-24.386075 -4.471829 -50.000000
-24.059195 -5.074339 -50.000000
-23.684133 -5.716642 -50.000000
-23.258137 -6.396188 -50.000000
-22.778856 -7.109867 -50.000000
-22.244402 -7.854054 -50.000000
-21.653398 -8.624661 -50.000000
-21.005016 -9.417199 -50.000000
-20.299016 -10.226847 -50.000000
-19.535768 -11.048517 -50.000000
-18.716265 -11.876933 -50.000000
-17.842136 -12.706706 -50.000000
-16.915636 -13.532409 -50.000000
-15.939635 -14.348661 -50.000000
-14.917596 -15.150195 -50.000000
-13.853541 -15.931940 -50.000000
-12.752011 -16.689084 -50.000000
-11.618017 -17.417145 -50.000000
-10.456983 -18.112026 -50.000000
-9.274682 -18.770071 -50.000000
-8.077166 -19.388108 -50.000000
-6.870694 -19.963488 -50.000000
-5.661656 -20.494114 -50.000000
-4.456487 -20.978459 -50.000000
-3.261592 -21.415575 -50.000000
-2.083262 -21.805096 -50.000000
-0.927594 -22.147228 -50.000000
0.199587 -22.442730 -50.000000
1.292799 -22.692887 -50.000000
2.346974 -22.899477 -50.000000
3.357524 -23.064723 -50.000000
4.320391 -23.191245 -50.000000
5.232102 -23.282002 -50.000000
6.089807 -23.340231 -50.000000
6.891310 -23.369382 -50.000000
7.635091 -23.373044 -50.000000
8.320320 -23.354875 -50.000000
8.946857 -23.318535 -50.000000
9.515245 -23.267604 -50.000000
10.026695 -23.205521 -50.000000
10.483053 -23.135512 -50.000000
10.886769 -23.060525 -50.000000
11.240849 -22.983174 -50.000000
11.548803 -22.905685 -50.000000
11.814585 -22.829851 -50.000000
12.042529 -22.756992 -50.000000
12.237273 -22.687924 -50.000000
12.403688 -22.622942 -50.000000
12.546800 -22.561801 -50.000000
12.671706 -22.503720 -50.000000
12.783501 -22.447383 -50.000000
12.887193 -22.390959 -50.000000
12.987627 -22.332125 -50.000000
13.089413 -22.268100 -50.000000
13.196857 -22.195688 -50.000000
13.313893 -22.111329 -50.000000
13.444030 -22.011153 -50.000000
13.590298 -21.891045 -50.000000
13.755207 -21.746712 -50.000000
13.940715 -21.573756 -50.000000
14.148198 -21.367746 -50.000000
14.378442 -21.124300 -50.000000
14.631632 -20.839152 -50.000000
14.907359 -20.508240 -50.000000
15.204631 -20.127769 -50.000000
15.521899 -19.694289 -50.000000
15.857087 -19.204759 -50.000000
16.207635 -18.656608 -50.000000
16.570541 -18.047790 -50.000000
16.942423 -17.376831 -50.000000
17.319574 -16.642870 -50.000000
17.698031 -15.845688 -50.000000
18.073644 -14.985731 -50.000000
18.442146 -14.064119 -50.000000
18.799230 -13.082652 -50.000000
19.140620 -12.043798 -50.000000
19.462147 -10.950679 -50.000000
19.759818 -9.807042 -50.000000
20.029884 -8.617220 -50.000000
20.268906 -7.386090 -50.000000
20.473809 -6.119019 -50.000000
20.641940 -4.821801 -50.000000
20.771106 -3.500593 -50.000000
20.859615 -2.161838 -50.000000
20.906305 -0.812193 -50.000000
20.913967 -0.000000 -50.000000
20.913967 -0.000000 -50.000000
20.984713 7.499666 -50.000000
21.055460 14.999333 -50.000000
21.126207 22.498999 -50.000000
21.196954 29.998665 -50.000000
21.196954 29.998665 -50.000000
28.668377 29.975170 -50.000000
36.139801 29.951674 -50.000000
43.611224 29.928179 -50.000000
51.082647 29.904684 -50.000000

